-9.956653e+00 9.593300e+00
-1.008394e+01 9.350495e+00
-1.031186e+01 9.478236e+00
-1.038887e+01 6.991919e+00
-9.282863e+00 -6.742041e+00
-9.948392e+00 9.332150e+00
8.057947e+00 -8.472941e+00
-1.157246e+01 -1.133663e+01
9.586054e+00 -9.135862e+00
-8.811281e+00 -1.205282e+01
-9.179058e+00 -7.235403e+00
9.248313e+00 -6.318568e+00
1.197089e+01 1.295557e+01
-1.029264e+01 -9.897071e+00
-9.766059e+00 1.137678e+01
9.901615e+00 1.049978e+01
9.393243e+00 -1.011317e+01
1.004029e+01 -8.980676e+00
-9.653663e+00 1.117357e+01
-9.727603e+00 -1.067292e+01
-1.000226e+01 8.871532e+00
9.867408e+00 -1.141524e+01
-1.065445e+01 -1.116735e+01
-1.003994e+01 8.950011e+00
-1.013341e+01 8.984022e+00
-1.061264e+01 -1.273949e+01
-9.327484e+00 1.343572e+01
-9.858140e+00 1.063821e+01
9.706889e+00 1.284087e+01
-9.928349e+00 1.156012e+01
-1.000797e+01 1.030471e+01
-9.874017e+00 1.170079e+01
9.730497e+00 -9.235485e+00
-1.037333e+01 -1.124062e+01
1.115293e+01 1.029814e+01
9.751866e+00 1.184410e+01
-9.929045e+00 -1.108722e+01
1.033481e+01 8.504663e+00
-8.912332e+00 -9.334231e+00
1.079990e+01 1.411428e+01
1.029376e+01 1.131385e+01
-9.901566e+00 9.752365e+00
8.544606e+00 5.750024e+00
1.069450e+01 1.130873e+01
-1.045442e+01 6.901241e+00
-9.887319e+00 1.067019e+01
1.116167e+01 -1.096447e+01
9.074392e+00 9.629061e+00
-9.131450e+00 -9.420507e+00
-1.149820e+01 -9.600765e+00
1.051181e+01 1.203695e+01
1.094358e+01 1.139197e+01
1.091127e+01 1.359744e+01
-9.899356e+00 1.077677e+01
9.772455e+00 7.401373e+00
-1.120030e+01 -1.163482e+01
-1.045880e+01 -1.336068e+01
1.159646e+01 -8.814683e+00
-9.425181e+00 -9.484759e+00
-9.915474e+00 8.993721e+00
-9.781859e+00 1.218059e+01
9.865842e+00 7.338611e+00
-1.052511e+01 -8.876371e+00
-9.871873e+00 1.062690e+01
1.082008e+01 1.090340e+01
-1.024318e+01 -8.639615e+00
-1.068991e+01 -9.923728e+00
1.058259e+01 -9.165801e+00
1.025594e+01 1.105392e+01
9.574541e+00 -8.535522e+00
1.099103e+01 8.376874e+00
-9.606882e+00 -1.060942e+01
-8.508319e+00 -9.820433e+00
-1.027590e+01 5.601615e+00
-1.045815e+01 7.213733e+00
8.863806e+00 -1.033946e+01
-1.016308e+01 -8.877927e+00
-1.022951e+01 8.301357e+00
8.807722e+00 -9.057268e+00
-9.786817e+00 1.061793e+01
1.135643e+01 -1.262487e+01
1.063260e+01 -1.221294e+01
1.053037e+01 1.208852e+01
9.069767e+00 8.079028e+00
1.027280e+01 -8.246183e+00
1.242516e+01 -1.294611e+01
-9.762205e+00 9.982465e+00
-1.010492e+01 8.577927e+00
9.902260e+00 1.194789e+01
9.646671e+00 9.175419e+00
9.206276e+00 8.580966e+00
-9.729942e+00 9.636544e+00
-9.763784e+00 1.112523e+01
9.803794e+00 9.719753e+00
1.073804e+01 -1.065145e+01
1.092189e+01 -1.136145e+01
8.237202e+00 7.820309e+00
-9.711988e+00 -8.790479e+00
-1.186923e+01 -1.296772e+01
8.961130e+00 -1.083141e+01
-1.007799e+01 9.072413e+00
1.035627e+01 8.480967e+00
9.909502e+00 8.625192e+00
-1.053099e+01 -8.702915e+00
-1.175070e+01 -1.073262e+01
-9.305291e+00 -7.492814e+00
1.044824e+01 6.571981e+00
-8.579874e+00 -7.729621e+00
-1.015918e+01 -8.327781e+00
-9.904940e+00 1.015037e+01
-1.032627e+01 9.417477e+00
1.177531e+01 -7.581332e+00
1.080648e+01 -1.084095e+01
-8.639104e+00 -5.908376e+00
1.074619e+01 -8.887988e+00
1.020272e+01 -1.035654e+01
-1.097325e+01 -1.132571e+01
-1.041244e+01 -9.550693e+00
-1.003079e+01 1.067968e+01
-8.699330e+00 -5.366125e+00
1.047560e+01 1.380668e+01
9.045766e+00 -9.539604e+00
9.497538e+00 7.407022e+00
8.893715e+00 8.672986e+00
-1.032571e+01 5.758568e+00
9.478547e+00 7.221487e+00
9.313553e+00 -9.272603e+00
-9.910999e+00 -9.453288e+00
-9.370157e+00 -3.691027e+00
-9.714121e+00 1.023403e+01
9.220398e+00 7.203820e+00
-9.529792e+00 1.138446e+01
-1.187944e+01 -1.095959e+01
-1.003156e+01 1.068768e+01
-1.002131e+01 8.971146e+00
8.848946e+00 1.055811e+01
-1.088884e+01 -1.138989e+01
-9.883765e+00 1.068672e+01
9.071668e+00 1.188933e+01
9.049956e+00 -7.346855e+00
-9.097864e+00 -1.238804e+01
-1.014766e+01 1.024476e+01
-1.006457e+01 1.090427e+01
-9.965935e+00 1.065733e+01
-8.902425e+00 -9.202162e+00
1.190164e+01 1.370583e+01
1.142146e+01 1.241584e+01
-1.100698e+01 -7.474821e+00
-9.467129e+00 1.205640e+01
-1.006761e+01 9.668633e+00
-1.019913e+01 8.647101e+00
1.035724e+01 1.109273e+01
-1.008970e+01 9.291652e+00
1.063917e+01 -8.963277e+00
-9.986016e+00 -7.212928e+00
1.075884e+01 1.064078e+01
-1.046998e+01 7.129361e+00
-8.679848e+00 -9.734428e+00
1.088307e+01 1.201984e+01
9.885627e+00 -8.509034e+00
1.145523e+01 1.351142e+01
1.056791e+01 8.622483e+00
-9.295324e+00 -8.539079e+00
1.163071e+01 1.446981e+01
1.100032e+01 9.766419e+00
8.863697e+00 -1.023854e+01
-9.114616e+00 -7.744675e+00
-1.007621e+01 8.206228e+00
9.892685e+00 1.009840e+01
1.093982e+01 7.590317e+00
-9.841490e+00 1.017264e+01
1.137908e+01 1.077496e+01
-1.008651e+01 1.009907e+01
9.971783e+00 -1.063098e+01
9.817861e+00 1.230226e+01
1.046301e+01 -1.168621e+01
-1.029706e+01 9.546280e+00
-1.003516e+01 7.899710e+00
1.004413e+01 1.137533e+01
-1.033174e+01 9.785236e+00
-1.001923e+01 9.550854e+00
9.803311e+00 -1.259990e+01
-9.794106e+00 1.016392e+01
1.073290e+01 1.318579e+01
8.520126e+00 1.045963e+01
1.092213e+01 1.325903e+01
9.670233e+00 -9.093642e+00
-9.975711e+00 1.053847e+01
9.738193e+00 -1.113744e+01
1.139812e+01 -8.264606e+00
1.177622e+01 1.527742e+01
-9.981513e+00 1.185547e+01
9.688127e+00 1.225530e+01
8.791258e+00 -1.079912e+01
-1.034361e+01 7.116549e+00
-8.830226e+00 -1.031449e+01
-9.786604e+00 1.189235e+01
-9.844918e+00 -1.041138e+01
1.133674e+01 1.086054e+01
1.053031e+01 1.185219e+01
-9.918128e+00 1.005852e+01
-9.850941e+00 9.977941e+00
1.024888e+01 -1.124081e+01
-9.876590e+00 1.070295e+01
-9.912427e+00 1.061469e+01
-1.110932e+01 -8.881903e+00
1.189280e+01 -7.757038e+00
1.132642e+01 -1.012844e+01
9.730252e+00 -8.064183e+00
1.157872e+01 1.144454e+01
-9.896158e+00 8.420575e+00
-8.509131e+00 -7.452333e+00
9.958384e+00 -1.046459e+01
-9.978109e+00 9.772165e+00
8.595932e+00 7.055532e+00
-9.846936e+00 1.078434e+01
9.960040e+00 1.105466e+01
-9.896380e+00 8.252982e+00
1.024510e+01 -8.341111e+00
8.834101e+00 -1.047630e+01
-9.490511e+00 1.178445e+01
8.991410e+00 -6.886030e+00
9.677103e+00 -1.116722e+01
1.106033e+01 -1.025670e+01
-1.031702e+01 -1.141628e+01
-9.451869e+00 -1.200632e+01
1.114825e+01 -1.147344e+01
9.947422e+00 7.984968e+00
9.459745e+00 6.545228e+00
1.014832e+01 -1.065293e+01
1.033894e+01 -7.883970e+00
1.133508e+01 9.621981e+00
-1.131244e+01 -1.051589e+01
-9.723932e+00 9.185979e+00
-8.658968e+00 -9.257636e+00
9.265679e+00 9.584672e+00
1.007689e+01 8.231994e+00
1.109800e+01 -9.500126e+00
1.104867e+01 1.468089e+01
-9.642123e+00 -8.582855e+00
-1.000304e+01 1.251435e+01
8.808371e+00 1.009761e+01
9.208422e+00 -1.081298e+01
1.152096e+01 7.311084e+00
-1.030436e+01 1.070811e+01
-1.000537e+01 1.001227e+01
-9.757935e+00 1.113410e+01
8.783815e+00 -9.783204e+00
-1.008868e+01 1.058493e+01
-9.539619e+00 -8.819216e+00
1.021688e+01 8.186821e+00
9.098575e+00 -1.149330e+01
1.074333e+01 1.321979e+01
-1.121767e+01 -1.275501e+01
-9.783583e+00 1.094119e+01
-1.049984e+01 -1.366902e+01
-9.952725e+00 9.532168e+00
-1.013184e+01 9.207786e+00
-1.030714e+01 -1.017345e+01
-1.008494e+01 1.176818e+01
1.065538e+01 -6.393645e+00
-7.488909e+00 -6.332012e+00
9.760251e+00 -9.888839e+00
-9.441826e+00 -1.338186e+01
9.785454e+00 -1.117068e+01
9.123071e+00 -9.390966e+00
-1.032362e+01 -1.243753e+01
1.049491e+01 1.041359e+01
-1.005768e+01 1.155523e+01
-9.871064e+00 8.894133e+00
-1.165287e+01 -1.250758e+01
9.518607e+00 -1.007891e+01
-9.702141e+00 1.188817e+01
-1.027707e+01 8.765125e+00
-1.006553e+01 -9.267883e+00
-9.504528e+00 1.132063e+01
-1.016844e+01 9.647564e+00
-1.025914e+01 9.981664e+00
9.870857e+00 -8.218747e+00
1.187864e+01 1.105276e+01
1.083332e+01 -1.083086e+01
8.623148e+00 7.982729e+00
9.626242e+00 -9.707024e+00
-9.976012e+00 8.738761e+00
1.023620e+01 9.588082e+00
-7.951254e+00 -8.321211e+00
-1.005721e+01 1.002556e+01
-1.022405e+01 9.022165e+00
-1.007741e+01 8.669318e+00
1.006689e+01 8.851590e+00
-9.502997e+00 -1.027689e+01
-9.814526e+00 9.386390e+00
9.868139e+00 1.047910e+01
-1.026673e+01 -1.485070e+01
9.887866e+00 1.005729e+01
-1.006530e+01 9.589651e+00
-8.532361e+00 -9.922138e+00
9.974953e+00 -9.675464e+00
9.214116e+00 -9.464930e+00
-1.002463e+01 -9.450985e+00
-1.146036e+01 -1.136761e+01
-1.104894e+01 -1.117406e+01
9.898067e+00 -7.301881e+00
9.544493e+00 8.710635e+00
1.057244e+01 1.016203e+01
-9.630748e+00 1.040986e+01
9.659562e+00 8.823702e+00
1.039427e+01 1.166724e+01
1.126174e+01 -7.550002e+00
-9.189286e+00 -7.154430e+00
9.627205e+00 -8.328098e+00
-9.907231e+00 1.089097e+01
1.057240e+01 -1.093717e+01
1.157296e+01 1.214192e+01
1.029644e+01 1.161335e+01
-1.017218e+01 7.812312e+00
-9.770800e+00 1.033979e+01
-9.958963e+00 8.405094e+00
1.116426e+01 8.523418e+00
9.441453e+00 1.052715e+01
9.605027e+00 9.067201e+00
-9.747619e+00 1.041580e+01
-1.024370e+01 7.565554e+00
1.081440e+01 -1.061521e+01
-9.793894e+00 1.310975e+01
-9.358363e+00 1.325005e+01
-1.013040e+01 9.098983e+00
-1.028455e+01 -1.389895e+01
-1.085875e+01 -1.159405e+01
-1.001053e+01 -1.435923e+01
1.051309e+01 -9.988408e+00
-1.047432e+01 -8.159041e+00
1.179575e+01 1.119332e+01
1.031366e+01 -9.915048e+00
-9.586666e+00 1.261344e+01
-9.629919e+00 -1.045542e+01
1.043215e+01 1.094960e+01
1.037388e+01 -9.337020e+00
9.519923e+00 -9.468781e+00
1.217503e+01 -8.998698e+00
-1.030331e+01 8.115080e+00
8.821398e+00 7.915590e+00
1.007758e+01 -1.149302e+01
-9.079273e+00 -8.519768e+00
-9.943342e+00 -6.003603e+00
-1.096017e+01 -7.644818e+00
9.336410e+00 9.746594e+00
-9.312955e+00 -1.110660e+01
9.672460e+00 1.027361e+01
-9.275878e+00 -1.024168e+01
-9.448601e+00 -9.644976e+00
-1.162587e+01 -1.077315e+01
8.789626e+00 5.969923e+00
1.052584e+01 -1.143935e+01
-9.756251e+00 -8.721733e+00
-1.003359e+01 -8.312767e+00
1.049810e+01 9.518056e+00
-1.101495e+01 -9.044994e+00
1.145570e+01 9.422689e+00
-9.442986e+00 -9.047038e+00
-9.818310e+00 1.122109e+01
9.963120e+00 -1.072917e+01
-1.108203e+01 -9.401260e+00
1.037045e+01 -5.984630e+00
9.550311e+00 -8.175337e+00
9.007484e+00 9.780737e+00
-9.709421e+00 1.202022e+01
-9.491454e+00 1.349429e+01
-9.763404e+00 -9.005009e+00
-1.101920e+01 -1.202607e+01
1.102329e+01 -1.133848e+01
-1.030576e+01 -1.237429e+01
1.036677e+01 1.327713e+01
-1.027225e+01 -9.656657e+00
-1.002178e+01 8.907954e+00
1.066391e+01 1.015059e+01
-8.999060e+00 -9.931853e+00
1.042321e+01 -1.039476e+01
9.992666e+00 -1.024866e+01
9.465985e+00 9.277114e+00
1.100198e+01 9.990028e+00
-1.021374e+01 -1.251610e+01
-9.820345e+00 1.183455e+01
7.782347e+00 8.344489e+00
9.875931e+00 -9.437365e+00
7.668184e+00 -9.945009e+00
9.445782e+00 -9.288837e+00
-9.622905e+00 -1.265368e+01
9.478170e+00 -9.406838e+00
8.131561e+00 -1.013289e+01
-1.100660e+01 -1.300920e+01
1.013129e+01 -1.011864e+01
9.569284e+00 6.771342e+00
-1.030924e+01 1.036928e+01
-9.653603e+00 1.262829e+01
9.073048e+00 8.231589e+00
-1.023511e+01 1.015737e+01
-9.734763e+00 1.071633e+01
-1.038404e+01 -9.058081e+00
1.197006e+01 1.430212e+01
-9.047232e+00 -9.157185e+00
9.762874e+00 -9.674598e+00
-1.088547e+01 -1.191854e+01
-1.058656e+01 -1.377907e+01
1.063232e+01 -1.045571e+01
1.009966e+01 -8.823931e+00
-9.963001e+00 1.192655e+01
9.176006e+00 8.857228e+00
1.007969e+01 -1.232105e+01
9.214222e+00 -9.533473e+00
-9.471241e+00 1.161613e+01
-9.316028e+00 -6.131461e+00
9.571296e+00 9.076918e+00
1.021451e+01 9.578094e+00
9.982335e+00 9.033081e+00
-1.059882e+01 -8.987791e+00
-1.029515e+01 6.683633e+00
1.017640e+01 1.136708e+01
1.033760e+01 -8.465322e+00
-1.119396e+01 -1.148571e+01
-9.822066e+00 1.180786e+01
-1.190220e+01 -1.067479e+01
-9.890253e+00 -1.320202e+01
1.104214e+01 5.336093e+00
9.170144e+00 -9.218302e+00
1.010634e+01 -1.084132e+01
1.106724e+01 -1.029942e+01
8.929162e+00 9.064717e+00
-1.144596e+01 -6.967495e+00
-1.027380e+01 8.622947e+00
1.078304e+01 -1.195999e+01
8.342367e+00 7.936520e+00
1.154173e+01 -9.261311e+00
-9.656439e+00 -1.019588e+01
1.004340e+01 9.758501e+00
-9.229775e+00 -1.043094e+01
8.988840e+00 6.154407e+00
-9.757526e+00 1.106930e+01
1.137864e+01 1.044066e+01
-9.856932e+00 8.779183e+00
-9.693576e+00 -8.751041e+00
-8.596962e+00 -8.373628e+00
1.033208e+01 -1.151096e+01
-1.146109e+01 -1.046439e+01
1.013854e+01 1.020732e+01
1.039250e+01 1.238361e+01
1.135188e+01 -9.575873e+00
-1.003136e+01 -1.018304e+01
-9.933453e+00 1.009376e+01
1.006994e+01 -1.153923e+01
-9.343678e+00 -7.689134e+00
-9.704573e+00 1.042395e+01
9.067444e+00 1.070294e+01
8.545961e+00 -1.000037e+01
8.660346e+00 1.012402e+01
-9.960324e+00 9.772658e+00
-9.980054e+00 -1.236513e+01
1.097474e+01 -9.880667e+00
-1.017955e+01 8.849410e+00
-1.023870e+01 -1.026360e+01
-9.917368e+00 -1.078127e+01
8.890410e+00 7.892577e+00
9.132102e+00 7.647372e+00
-9.368558e+00 -8.741559e+00
9.780817e+00 -8.762689e+00
-8.725990e+00 -6.670571e+00
1.071443e+01 9.541918e+00
-1.009310e+01 8.669303e+00
-8.943078e+00 -8.495500e+00
-9.809459e+00 -1.307812e+01
1.063037e+01 -1.021588e+01
1.184422e+01 -9.018088e+00
1.065582e+01 1.078775e+01
-1.029054e+01 9.436613e+00
9.535152e+00 -1.139635e+01
8.950732e+00 1.086195e+01
-1.116743e+01 -1.437760e+01
1.026882e+01 1.085860e+01
-9.326213e+00 -8.281348e+00
8.436615e+00 -7.805706e+00
8.503992e+00 -1.137580e+01
1.043125e+01 1.154654e+01
9.025965e+00 -9.903786e+00
-1.010709e+01 8.739343e+00
9.715278e+00 8.344253e+00
9.552159e+00 -9.421461e+00
-1.096521e+01 -1.131794e+01
-9.661579e+00 -1.257768e+01
-9.887483e+00 9.203674e+00
-9.849463e+00 -1.154119e+01
1.056229e+01 -1.061204e+01
-9.907219e+00 8.813500e+00
-1.019501e+01 9.405087e+00
-9.943190e+00 9.142001e+00
1.049928e+01 -1.080125e+01
1.030354e+01 -1.205135e+01
1.100566e+01 8.354561e+00
9.804711e+00 1.364826e+01
1.107006e+01 1.433610e+01
7.151368e+00 -9.186516e+00
9.458639e+00 4.290422e+00
-9.851504e+00 1.117599e+01
1.071753e+01 -1.099337e+01
-1.090237e+01 -8.884638e+00
-9.656669e+00 -9.496919e+00
1.215986e+01 -1.017091e+01
1.169640e+01 -7.348850e+00
9.731835e+00 -7.597837e+00
1.097074e+01 1.112162e+01
1.015984e+01 8.573796e+00
9.347770e+00 -8.153918e+00
-1.020119e+01 1.019897e+01
-1.072505e+01 -9.575640e+00
-1.014449e+01 1.024924e+01
8.854621e+00 1.043738e+01
-1.130808e+01 -1.197330e+01
-1.138567e+01 -1.024553e+01
1.186896e+01 1.129985e+01
8.740918e+00 -8.523620e+00
-1.133115e+01 -1.362742e+01
9.089129e+00 9.963486e+00
-9.927795e+00 9.364443e+00
-9.931342e+00 9.942230e+00
1.040027e+01 1.050376e+01
-1.122564e+01 -1.203532e+01
9.335683e+00 7.487668e+00
1.076690e+01 1.085346e+01
1.084707e+01 -1.100995e+01
-9.760007e+00 1.083290e+01
-9.859735e+00 -1.215255e+01
-9.818406e+00 1.153612e+01
7.907219e+00 -7.591139e+00
9.471242e+00 -1.027752e+01
-9.295304e+00 -9.826112e+00
7.939466e+00 9.257785e+00
1.103616e+01 1.080975e+01
1.056524e+01 1.123521e+01
-9.857798e+00 1.016399e+01
1.189446e+01 -8.611355e+00
-9.808262e+00 -1.082731e+01
9.251292e+00 1.139894e+01
-1.006069e+01 8.269862e+00
-1.012777e+01 1.030905e+01
-9.948484e+00 1.058658e+01
1.093291e+01 9.648705e+00
1.145133e+01 1.198768e+01
1.102468e+01 1.042554e+01
9.833696e+00 -9.895820e+00
-9.781069e+00 1.161303e+01
-9.138549e+00 -8.830396e+00
-1.175692e+01 -1.263427e+01
-1.020837e+01 1.020146e+01
1.200112e+01 1.244246e+01
1.049178e+01 8.533778e+00
-1.008431e+01 9.874864e+00
1.116107e+01 -1.130503e+01
-1.097859e+01 -9.304703e+00
1.028826e+01 1.181210e+01
-1.003064e+01 1.044942e+01
9.099453e+00 1.133122e+01
-9.633933e+00 -1.016017e+01
1.063206e+01 -9.669988e+00
-9.719652e+00 9.944947e+00
-1.020089e+01 7.571244e+00
-7.995939e+00 -7.785504e+00
1.036235e+01 9.479647e+00
1.082376e+01 -9.470201e+00
-9.778788e+00 1.144156e+01
1.125391e+01 1.093891e+01
8.929137e+00 -8.374597e+00
-1.017033e+01 7.799189e+00
-9.093052e+00 -7.920405e+00
-1.043053e+01 7.869401e+00
-9.893888e+00 1.255475e+01
1.146749e+01 -1.154614e+01
-9.879926e+00 1.103260e+01
-1.035859e+01 1.017081e+01
1.043618e+01 -1.050155e+01
9.495224e+00 -9.312737e+00
1.055689e+01 -1.026699e+01
-1.095697e+01 -1.275254e+01
9.507906e+00 1.237143e+01
-9.936909e+00 1.259526e+01
-1.075535e+01 -1.068934e+01
-7.881113e+00 -6.930729e+00
9.143603e+00 1.375933e+01
9.697306e+00 1.122098e+01
-9.726558e+00 1.055394e+01
-1.069876e+01 -7.409810e+00
-9.937127e+00 1.040192e+01
-9.751017e+00 9.435865e+00
-9.946601e+00 -1.189344e+01
-1.070490e+01 -9.955140e+00
9.448894e+00 9.502820e+00
9.788340e+00 9.627307e+00
9.649806e+00 1.193963e+01
-1.028049e+01 8.383678e+00
-1.132217e+01 -1.129446e+01
9.131543e+00 -9.774523e+00
1.035174e+01 -1.137940e+01
-9.251216e+00 -1.193357e+01
-1.027871e+01 9.247912e+00
-8.579478e+00 -7.779656e+00
-1.075580e+01 -1.061841e+01
-1.016034e+01 9.478108e+00
9.000029e+00 8.155957e+00
8.291040e+00 -9.873660e+00
8.440327e+00 8.309394e+00
-1.002765e+01 9.055195e+00
8.862862e+00 -1.063630e+01
-1.200544e+01 -9.282086e+00
9.698993e+00 -1.176046e+01
1.001224e+01 6.461785e+00
-9.886692e+00 9.586723e+00
1.052776e+01 1.221451e+01
8.241715e+00 -9.668258e+00
-1.071358e+01 -1.025967e+01
-9.224306e+00 -9.279718e+00
-8.809835e+00 -7.550518e+00
9.415880e+00 9.768185e+00
8.688889e+00 -1.025879e+01
8.749418e+00 -1.009051e+01
-9.316234e+00 -1.062357e+01
9.480228e+00 -1.012010e+01
9.816696e+00 -1.239141e+01
1.138222e+01 -1.018764e+01
1.020515e+01 1.045650e+01
9.349014e+00 1.068906e+01
-1.021270e+01 -1.052823e+01
1.004566e+01 1.177431e+01
-1.012538e+01 9.984029e+00
8.732240e+00 6.902415e+00
-9.702282e+00 1.030726e+01
1.000873e+01 -1.161297e+01
1.113117e+01 1.121385e+01
1.063738e+01 1.282144e+01
-1.144179e+01 -1.359175e+01
1.005154e+01 4.981325e+00
-9.963955e+00 1.078660e+01
1.111677e+01 1.162012e+01
-9.900357e+00 1.121834e+01
9.867928e+00 -7.195852e+00
-9.658944e+00 1.220939e+01
-9.077984e+00 -7.308006e+00
-1.015706e+01 9.638031e+00
1.124808e+01 -7.591505e+00
8.831138e+00 -9.768659e+00
1.026828e+01 -1.069471e+01
-9.954288e+00 1.112760e+01
-1.026842e+01 9.666894e+00
9.451889e+00 8.982636e+00
1.134357e+01 -9.689739e+00
-1.208607e+01 -1.173054e+01
-1.023179e+01 7.585399e+00
1.045636e+01 -1.029208e+01
-8.816979e+00 -6.182021e+00
1.202887e+01 1.205179e+01
1.115770e+01 -7.680643e+00
1.009349e+01 -1.030916e+01
9.892576e+00 -8.580149e+00
1.059983e+01 -1.322808e+01
9.218605e+00 -8.232469e+00
-8.687244e+00 -1.194407e+01
1.049491e+01 1.186255e+01
-9.754576e+00 1.066146e+01
1.144014e+01 -1.047175e+01
-9.838741e+00 8.707621e+00
9.794377e+00 -1.245452e+01
-1.012173e+01 9.599128e+00
1.032070e+01 -1.136363e+01
9.257145e+00 1.190048e+01
-9.187496e+00 -9.819721e+00
1.123818e+01 1.235963e+01
-9.531226e+00 1.141754e+01
-1.097873e+01 -8.801015e+00
1.000002e+01 -1.134204e+01
-9.206067e+00 -1.059822e+01
-1.184750e+01 -1.350735e+01
-1.042802e+01 -1.027782e+01
-9.446458e+00 -1.052023e+01
9.503624e+00 8.373296e+00
1.120861e+01 8.476377e+00
8.540610e+00 -1.016838e+01
-1.184785e+01 -1.506057e+01
-7.954224e+00 -9.612655e+00
-1.123658e+01 -1.130955e+01
1.175308e+01 -7.923195e+00
9.893870e+00 9.709936e+00
9.790830e+00 1.004064e+01
1.001433e+01 8.030790e+00
8.085982e+00 -7.895103e+00
9.741249e+00 -7.520626e+00
-9.506320e+00 -1.202157e+01
-9.315039e+00 -9.661262e+00
1.101753e+01 -9.868931e+00
-9.982651e+00 1.181877e+01
1.050031e+01 1.110845e+01
-8.064741e+00 -9.810782e+00
-8.800411e+00 -9.492259e+00
9.975132e+00 -1.246151e+01
1.043517e+01 1.129449e+01
-1.000464e+01 1.158389e+01
1.036800e+01 9.462510e+00
1.023985e+01 -9.401515e+00
-9.768060e+00 1.036253e+01
1.083428e+01 -1.232045e+01
1.014568e+01 7.997259e+00
9.476012e+00 -1.140479e+01
9.730818e+00 -8.411054e+00
-9.215687e+00 -8.297331e+00
8.456970e+00 -1.065421e+01
1.048367e+01 7.688860e+00
1.060782e+01 -1.065792e+01
-8.985596e+00 -6.656418e+00
1.198849e+01 -1.061363e+01
-1.002107e+01 9.539157e+00
1.186428e+01 -9.912534e+00
-1.064506e+01 -7.621431e+00
-1.009676e+01 -1.057429e+01
1.001024e+01 -9.724754e+00
8.417096e+00 6.417593e+00
8.752417e+00 -1.200828e+01
9.300962e+00 -1.075038e+01
-1.007139e+01 8.789955e+00
-9.952110e+00 9.566556e+00
8.951193e+00 -9.370197e+00
1.071098e+01 1.071484e+01
-9.033894e+00 -1.038245e+01
1.174216e+01 -1.012408e+01
-9.930629e+00 9.326785e+00
-1.038422e+01 -9.240431e+00
-9.386075e+00 -9.823121e+00
8.991208e+00 -9.041568e+00
-9.940574e+00 9.714760e+00
-1.021564e+01 -1.289815e+01
-1.030754e+01 9.464506e+00
1.017414e+01 -9.864716e+00
9.101187e+00 8.367599e+00
-1.018684e+01 -9.891897e+00
8.491942e+00 -1.019282e+01
1.015826e+01 -1.099656e+01
-7.919437e+00 -1.005628e+01
1.017378e+01 9.478652e+00
1.135527e+01 8.596410e+00
1.068436e+01 -1.089961e+01
-9.682442e+00 1.017169e+01
1.039774e+01 1.345517e+01
1.011312e+01 -1.145986e+01
9.998707e+00 -1.033445e+01
-1.062260e+01 -9.373978e+00
1.154593e+01 -1.201796e+01
1.006490e+01 -1.112227e+01
-1.078768e+01 -8.267828e+00
-9.260643e+00 -8.167243e+00
1.286609e+01 1.257177e+01
-1.201877e+01 -1.253848e+01
-9.341601e+00 -9.796367e+00
8.539400e+00 7.362308e+00
-9.581680e+00 9.645544e+00
-1.030416e+01 6.084401e+00
1.070844e+01 9.124192e+00
-9.796823e+00 9.370323e+00
1.115732e+01 1.175840e+01
-1.002036e+01 -1.059392e+01
-1.013728e+01 9.627913e+00
-1.008655e+01 9.588075e+00
1.134663e+01 -7.253814e+00
8.911624e+00 -1.097170e+01
1.184794e+01 -1.211317e+01
1.009306e+01 -9.302832e+00
1.001876e+01 1.052171e+01
-9.900230e+00 1.197882e+01
-9.454486e+00 -9.886944e+00
9.103942e+00 -8.844798e+00
-9.972350e+00 9.255500e+00
9.198147e+00 1.243331e+01
-9.240021e+00 -9.478271e+00
1.210060e+01 -9.122065e+00
1.009268e+01 -1.092304e+01
8.261224e+00 5.795200e+00
9.711469e+00 -1.066148e+01
-9.849103e+00 7.224373e+00
1.008211e+01 1.381127e+01
1.062392e+01 7.040718e+00
1.006959e+01 1.152303e+01
-1.094879e+01 -1.212111e+01
8.906312e+00 -9.468022e+00
-1.006502e+01 1.001222e+01
9.621705e+00 8.878076e+00
-1.004105e+01 8.324543e+00
9.353727e+00 -9.783356e+00
-9.436713e+00 -1.059281e+01
9.461848e+00 -1.110600e+01
9.983391e+00 -9.304491e+00
-1.008495e+01 7.962708e+00
-9.818744e+00 1.228634e+01
-1.005528e+01 1.052564e+01
9.140129e+00 1.025206e+01
-7.909265e+00 -5.809580e+00
-9.103851e+00 -7.447287e+00
9.853969e+00 -1.053167e+01
-1.000644e+01 1.080540e+01
-7.131668e+00 -5.986546e+00
-1.050128e+01 -9.391623e+00
-1.000347e+01 9.300278e+00
-1.005014e+01 1.001056e+01
-9.830825e+00 -1.246621e+01
-1.036640e+01 1.029002e+01
-1.164832e+01 -8.558077e+00
7.295292e+00 7.939260e+00
-1.032298e+01 -1.040918e+01
9.609678e+00 9.300519e+00
9.646115e+00 8.424025e+00
8.716090e+00 -9.312265e+00
-8.288740e+00 -7.412674e+00
-1.041306e+01 -9.379436e+00
1.007697e+01 1.064743e+01
1.059208e+01 9.362178e+00
8.996072e+00 1.153715e+01
-9.305859e+00 -1.058317e+01
-1.017838e+01 -5.586206e+00
1.039880e+01 -1.037671e+01
9.381923e+00 7.799448e+00
-1.195741e+01 -1.210680e+01
9.600600e+00 9.561202e+00
-9.804124e+00 -1.312876e+01
9.781845e+00 -1.218647e+01
-9.034126e+00 -1.009326e+01
-7.686181e+00 -7.523061e+00
1.040640e+01 9.942778e+00
8.386982e+00 7.472856e+00
-9.734989e+00 1.214552e+01
-1.029131e+01 8.495783e+00
-1.034306e+01 7.088844e+00
9.448861e+00 -8.662454e+00
9.515084e+00 9.519772e+00
-8.017898e+00 -1.118222e+01
1.098906e+01 1.108019e+01
1.044086e+01 -8.937794e+00
-8.810516e+00 -1.105868e+01
-1.001108e+01 8.859113e+00
-1.004025e+01 9.417609e+00
1.097512e+01 8.574686e+00
-9.435038e+00 -9.319727e+00
-1.011145e+01 7.170120e+00
9.598349e+00 -1.007463e+01
9.494635e+00 -9.139470e+00
8.626066e+00 -9.981011e+00
9.109868e+00 -1.038614e+01
9.488238e+00 6.306738e+00
9.561702e+00 6.534941e+00
-8.490002e+00 -8.864267e+00
9.363448e+00 7.000342e+00
-1.007812e+01 8.502623e+00
9.473803e+00 9.507264e+00
-1.064231e+01 -1.041425e+01
9.336167e+00 -8.072903e+00
-1.012110e+01 -1.211237e+01
-9.935751e+00 -1.238063e+01
1.114181e+01 -9.310164e+00
-9.951158e+00 1.129298e+01
-8.816881e+00 -8.355818e+00
1.043687e+01 9.361455e+00
-1.002990e+01 8.845942e+00
9.308453e+00 7.295915e+00
-1.052659e+01 -1.087919e+01
-1.009655e+01 8.434681e+00
9.779267e+00 9.680188e+00
1.009208e+01 -1.005686e+01
1.079698e+01 1.101934e+01
-1.134885e+01 -1.301392e+01
-1.262619e+01 -1.058513e+01
1.005751e+01 1.358143e+01
8.197984e+00 8.701198e+00
-1.016610e+01 9.650294e+00
1.135592e+01 1.196990e+01
1.029498e+01 -1.131007e+01
-9.714536e+00 1.059868e+01
1.086878e+01 -7.298221e+00
-1.024901e+01 7.775724e+00
-9.773148e+00 -8.373024e+00
1.067712e+01 -1.089009e+01
1.243840e+01 -1.128238e+01
9.165403e+00 1.016454e+01
1.009465e+01 -8.747191e+00
1.006384e+01 1.019801e+01
-1.014781e+01 8.449140e+00
1.073163e+01 -9.601559e+00
-9.822736e+00 -7.205311e+00
1.127046e+01 -9.529603e+00
-1.002399e+01 9.307328e+00
-9.653129e+00 1.221090e+01
1.190556e+01 1.062397e+01
-1.006933e+01 9.176424e+00
1.091044e+01 1.244728e+01
-9.885373e+00 1.050393e+01
9.238371e+00 -1.047896e+01
-8.259154e+00 -5.528828e+00
1.029335e+01 -9.814073e+00
1.039010e+01 6.828361e+00
8.761863e+00 -8.588252e+00
-1.024396e+01 7.815995e+00
9.453687e+00 -9.110601e+00
1.081115e+01 1.268901e+01
9.619750e+00 7.959475e+00
-9.745657e+00 -9.485145e+00
9.942415e+00 9.753684e+00
1.074353e+01 -9.212765e+00
9.499704e+00 6.796038e+00
1.204680e+01 9.413205e+00
-1.062817e+01 -1.566943e+01
-1.106136e+01 -1.055445e+01
1.196995e+01 1.119320e+01
-1.072359e+01 -8.533914e+00
-1.069523e+01 -1.068330e+01
-9.804414e+00 1.221128e+01
1.086229e+01 1.136959e+01
1.055043e+01 -7.446134e+00
9.552124e+00 -1.003474e+01
-1.023797e+01 1.013044e+01
-1.000359e+01 9.690932e+00
1.124418e+01 1.026800e+01
1.113253e+01 -1.109579e+01
-1.023516e+01 8.146072e+00
-9.871320e+00 1.012616e+01
1.017643e+01 -1.083734e+01
-1.201848e+01 -1.095106e+01
-8.311102e+00 -1.039272e+01
8.771437e+00 4.954897e+00
1.090718e+01 -8.764761e+00
-9.894576e+00 1.023838e+01
-9.520943e+00 1.372436e+01
1.042992e+01 -1.037714e+01
-9.830924e+00 1.048797e+01
-8.949374e+00 -9.022625e+00
-1.004296e+01 1.047489e+01
-9.814912e+00 1.199211e+01
1.124370e+01 1.010127e+01
9.085578e+00 -1.135973e+01
-9.841660e+00 9.493182e+00
-9.682087e+00 -8.078464e+00
9.715609e+00 -9.064638e+00
-1.104950e+01 -1.105613e+01
-9.705956e+00 1.058016e+01
-9.864666e+00 9.813312e+00
9.933155e+00 -1.000817e+01
9.268199e+00 7.739964e+00
-9.930721e+00 8.739972e+00
-1.033547e+01 7.730423e+00
-9.768356e+00 1.066866e+01
9.847710e+00 -1.096848e+01
9.115848e+00 7.377556e+00
9.903519e+00 -9.747902e+00
8.985247e+00 6.110227e+00
-1.030216e+01 8.292901e+00
-9.610774e+00 1.154558e+01
-1.168341e+01 -1.326553e+01
-9.400377e+00 -1.219493e+01
8.880130e+00 -8.208095e+00
-1.106279e+01 -1.526409e+01
-7.925548e+00 -1.270943e+01
9.114906e+00 -8.263750e+00
-9.821825e+00 1.001240e+01
9.844575e+00 -9.442618e+00
1.049937e+01 -1.066046e+01
8.546115e+00 -1.253972e+01
-9.906262e+00 1.063204e+01
-1.000187e+01 9.380528e+00
-1.028479e+01 -8.869093e+00
1.032531e+01 -8.025083e+00
-1.011741e+01 -8.712027e+00
9.528930e+00 -1.066831e+01
9.339567e+00 9.168097e+00
-1.009276e+01 9.972609e+00
1.054046e+01 -1.129246e+01
9.044174e+00 -8.313252e+00
-1.011297e+01 1.117198e+01
-1.010492e+01 1.052850e+01
1.043576e+01 1.311302e+01
1.022129e+01 -1.099341e+01
9.977824e+00 5.811077e+00
-9.951515e+00 -1.159031e+01
1.174288e+01 -1.025295e+01
1.082538e+01 1.164743e+01
9.151053e+00 1.014865e+01
-9.212014e+00 -6.939592e+00
1.053787e+01 1.372919e+01
9.397077e+00 -9.094625e+00
9.443693e+00 -1.079572e+01
-8.530965e+00 -9.891725e+00
1.209809e+01 -9.067322e+00
-1.132492e+01 -1.162835e+01
-8.829459e+00 -7.344703e+00
-8.734342e+00 -9.390094e+00
8.964488e+00 -1.170853e+01
-9.193816e+00 -1.093620e+01
1.097432e+01 1.007054e+01
9.307977e+00 9.116255e+00
-1.028562e+01 7.290869e+00
9.613760e+00 -1.018088e+01
9.936029e+00 1.129199e+01
-1.025207e+01 8.521554e+00
9.110718e+00 -1.173626e+01
-1.041890e+01 -1.027399e+01
-1.040081e+01 5.335588e+00
7.970110e+00 -8.785227e+00
9.871719e+00 1.266202e+01
7.047974e+00 7.891032e+00
-9.621177e+00 -1.100226e+01
9.017886e+00 -8.372821e+00
9.266043e+00 7.676948e+00
1.006045e+01 1.336849e+01
1.119197e+01 1.047077e+01
9.300896e+00 -8.572974e+00
-1.010111e+01 9.145526e+00
1.001708e+01 1.067962e+01
-7.884865e+00 -7.880616e+00
1.060486e+01 1.195053e+01
-9.569550e+00 1.289315e+01
-1.028474e+01 -1.181894e+01
1.082194e+01 -9.323008e+00
9.366025e+00 -9.393652e+00
9.323334e+00 8.949425e+00
1.184573e+01 -1.073148e+01
9.103338e+00 7.778697e+00
1.020841e+01 9.817880e+00
-1.150223e+01 -1.094705e+01
-1.034492e+01 -1.090412e+01
1.095019e+01 9.484388e+00
-8.629071e+00 -8.366903e+00
9.893786e+00 -1.083264e+01
1.083390e+01 -8.599778e+00
1.004440e+01 -1.043306e+01
-1.024205e+01 -7.925913e+00
9.042409e+00 9.902889e+00
-1.038497e+01 -8.780424e+00
-9.861183e+00 -9.408506e+00
1.028075e+01 1.023664e+01
1.091050e+01 8.376065e+00
-1.151721e+01 -7.657353e+00
8.139055e+00 6.870622e+00
-1.029846e+01 9.150180e+00
-1.105374e+01 -8.945555e+00
1.165084e+01 -1.146247e+01
-9.331199e+00 1.383349e+01
-9.927491e+00 1.032115e+01
9.006711e+00 -9.155771e+00
9.981631e+00 -1.296803e+01
8.719007e+00 7.755765e+00
1.057271e+01 9.782256e+00
9.850533e+00 -9.214987e+00
-9.744677e+00 1.140981e+01
-9.819512e+00 9.283424e+00
9.551610e+00 -1.008554e+01
-1.038720e+01 -7.807565e+00
-1.008572e+01 1.065147e+01
9.731354e+00 -7.683923e+00
-1.248386e+01 -1.043995e+01
9.300578e+00 -1.126592e+01
1.223523e+01 7.228575e+00
9.506842e+00 -1.083423e+01
-1.002823e+01 8.426023e+00
-1.071654e+01 6.077387e+00
-9.882653e+00 -1.016614e+01
8.838320e+00 -8.179143e+00
8.302959e+00 8.396827e+00
1.111492e+01 -1.095388e+01
9.502424e+00 -8.807000e+00
-1.042724e+01 7.673020e+00
-1.000763e+01 9.679943e+00
-9.927876e+00 1.126099e+01
-1.024207e+01 8.548135e+00
9.883322e+00 5.633515e+00
-8.912309e+00 -1.027688e+01
9.798460e+00 7.345929e+00
-9.899665e+00 1.018329e+01
-1.090077e+01 -1.179656e+01
8.916832e+00 1.036228e+01
1.061924e+01 1.108677e+01
9.904735e+00 -1.074105e+01
1.055384e+01 -1.307671e+01
1.149475e+01 9.823511e+00
8.487118e+00 -1.306710e+01
-9.684206e+00 1.131099e+01
-1.000881e+01 1.014481e+01
-1.057161e+01 -1.125279e+01
-9.115609e+00 -6.636045e+00
9.301752e+00 -1.149522e+01
9.288871e+00 -1.002712e+01
1.057474e+01 1.272316e+01
1.062422e+01 1.013058e+01
9.714203e+00 -1.017321e+01
-9.713074e+00 1.070648e+01
1.086278e+01 -1.294299e+01
9.972881e+00 -1.138435e+01
9.939485e+00 8.343073e+00
-1.031642e+01 9.606480e+00
-9.906176e+00 9.694862e+00
8.796363e+00 1.099647e+01
1.096220e+01 -8.776747e+00
8.399663e+00 7.962774e+00
1.219785e+01 1.110188e+01
8.529669e+00 7.445413e+00
9.388962e+00 1.093181e+01
1.025373e+01 -1.010501e+01
9.371587e+00 -8.860369e+00
-9.070881e+00 -9.266325e+00
1.094219e+01 7.841074e+00
-1.028994e+01 7.417523e+00
-1.002186e+01 9.687541e+00
8.968909e+00 1.058160e+01
-1.195615e+01 -1.248404e+01
1.035181e+01 9.900906e+00
-9.711206e+00 -1.100279e+01
1.000257e+01 8.188552e+00
9.613003e+00 -8.475461e+00
-9.678464e+00 1.010405e+01
-9.812388e+00 8.351989e+00
-1.118999e+01 -1.269905e+01
-9.976784e+00 9.993406e+00
1.083088e+01 1.201460e+01
9.112416e+00 -9.869830e+00
9.624808e+00 8.650335e+00
1.071896e+01 1.219658e+01
-9.612144e+00 1.193164e+01
1.026146e+01 -8.642744e+00
1.080034e+01 -1.131720e+01
-9.037787e+00 -8.640778e+00
1.173589e+01 -9.974808e+00
-9.683924e+00 1.257530e+01
-9.455985e+00 1.105612e+01
-9.896581e+00 1.023376e+01
-1.067978e+01 -1.006765e+01
9.002005e+00 -8.749246e+00
-9.819505e+00 9.166017e+00
-1.066944e+01 -1.044494e+01
1.082200e+01 8.836834e+00
-9.734795e+00 9.373504e+00
-9.162809e+00 -5.275883e+00
1.053641e+01 -1.148773e+01
-9.721296e+00 1.128204e+01
-1.035074e+01 9.962069e+00
9.988938e+00 7.655899e+00
-1.132645e+01 -1.248873e+01
1.137117e+01 -1.448374e+01
1.140699e+01 -1.010898e+01
1.216788e+01 -1.038671e+01
1.137318e+01 1.179824e+01
7.812329e+00 -9.193917e+00
-9.890697e+00 8.343043e+00
8.426014e+00 -1.178873e+01
9.744537e+00 8.178033e+00
1.085825e+01 7.190503e+00
1.170815e+01 -1.097994e+01
-9.830974e+00 -8.676443e+00
1.322444e+01 1.354484e+01
-1.207278e+01 -1.282466e+01
1.148507e+01 -8.925874e+00
-9.990628e+00 1.004973e+01
-9.999318e+00 9.384258e+00
1.165531e+01 9.873643e+00
7.893848e+00 -1.079496e+01
-1.033535e+01 -1.257887e+01
-1.006441e+01 1.088539e+01
1.269289e+01 1.395549e+01
1.138809e+01 -8.406933e+00
1.019488e+01 -1.147925e+01
1.050462e+01 -1.232370e+01
-1.009637e+01 1.009370e+01
-1.148217e+01 -1.388081e+01
-1.001373e+01 1.068011e+01
-1.014325e+01 8.987358e+00
-8.706865e+00 -7.491160e+00
8.483960e+00 -9.900137e+00
1.127948e+01 1.095778e+01
-9.952225e+00 8.208975e+00
-1.138456e+01 -7.946183e+00
8.835816e+00 -8.325026e+00
-9.994172e+00 9.689707e+00
-1.000651e+01 1.017379e+01
-9.846857e+00 -1.014630e+01
9.249410e+00 -1.051059e+01
-9.903512e+00 1.065977e+01
-8.284731e+00 -6.969835e+00
-1.013913e+01 8.571119e+00
9.120619e+00 -1.007071e+01
-9.539040e+00 1.095939e+01
-9.610707e+00 -1.006199e+01
1.047203e+01 -1.010732e+01
9.382447e+00 -1.335065e+01
-9.923964e+00 1.117712e+01
9.741425e+00 -1.184439e+01
-9.872914e+00 -1.212866e+01
9.249672e+00 1.218600e+01
1.015265e+01 7.359729e+00
1.272881e+01 1.266016e+01
-1.088213e+01 -9.533632e+00
-1.010649e+01 8.695936e+00
-8.993294e+00 -8.054925e+00
9.789211e+00 -1.026931e+01
-1.057329e+01 -1.166652e+01
1.201476e+01 -9.766079e+00
9.035380e+00 -1.184874e+01
-8.750556e+00 -8.423088e+00
9.423930e+00 -1.020167e+01
-1.010530e+01 1.058520e+01
-9.261617e+00 -1.090146e+01
1.129125e+01 1.305819e+01
7.946189e+00 -1.118026e+01
1.039462e+01 -7.735849e+00
-1.000894e+01 8.814409e+00
-9.797205e+00 1.212727e+01
-9.835520e+00 9.684960e+00
9.699061e+00 -1.075972e+01
-1.033652e+01 -9.203023e+00
-1.014001e+01 7.399615e+00
-8.483991e+00 -8.560318e+00
-9.108151e+00 -8.767207e+00
-1.002229e+01 1.097946e+01
-1.032926e+01 1.010054e+01
-1.026148e+01 7.624068e+00
-9.115027e+00 -8.949980e+00
9.322057e+00 9.772164e+00
-1.004186e+01 1.117017e+01
-1.260166e+01 -1.410957e+01
9.995600e+00 1.118916e+01
-1.112875e+01 -1.164130e+01
-1.048049e+01 8.647457e+00
-9.793481e+00 -5.956557e+00
-9.996093e+00 1.055025e+01
9.425916e+00 9.299325e+00
-9.834454e+00 1.172076e+01
9.641613e+00 -9.022515e+00
8.941226e+00 1.139233e+01
-1.003516e+01 -9.636597e+00
-1.057474e+01 -9.415447e+00
-9.935393e+00 1.175835e+01
9.534442e+00 6.995709e+00
-1.011383e+01 9.814342e+00
-1.009398e+01 1.036751e+01
-9.690543e+00 1.007617e+01
9.012383e+00 8.089737e+00
-9.914572e+00 1.222100e+01
9.743109e+00 -9.527021e+00
1.003847e+01 1.325083e+01
-1.043205e+01 7.381348e+00
-9.532325e+00 -9.290145e+00
-1.138848e+01 -1.078832e+01
-1.066713e+01 -9.919693e+00
9.236785e+00 -9.617919e+00
9.803231e+00 7.043722e+00
9.676964e+00 -1.030411e+01
-1.005683e+01 8.695442e+00
9.226101e+00 -1.028885e+01
-9.630633e+00 1.336430e+01
1.010708e+01 9.578509e+00
-1.264299e+01 -1.310274e+01
9.733034e+00 -1.013019e+01
-1.365203e+01 -1.335240e+01
-1.189142e+01 -1.324488e+01
-1.013902e+01 9.761559e+00
-9.506616e+00 -1.162852e+01
-7.372109e+00 -5.720118e+00
8.253130e+00 -9.468621e+00
-1.112382e+01 -9.192890e+00
-1.096859e+01 -9.141704e+00
-1.036362e+01 9.615878e+00
-1.136788e+01 -1.049679e+01
9.596292e+00 -9.130183e+00
-9.309393e+00 -8.475033e+00
-9.985998e+00 1.148120e+01
8.780702e+00 7.480915e+00
8.766362e+00 -1.115217e+01
9.011065e+00 1.075281e+01
-8.838278e+00 -1.086233e+01
-9.633292e+00 1.115975e+01
1.128664e+01 -8.407449e+00
-1.007935e+01 9.630838e+00
-9.451042e+00 -8.371614e+00
-1.082001e+01 -8.379583e+00
9.106385e+00 -9.588290e+00
9.757064e+00 -1.122549e+01
-9.842880e+00 1.194948e+01
1.076333e+01 1.178463e+01
-1.072976e+01 -8.730638e+00
-1.047865e+01 6.283305e+00
-9.689281e+00 1.173344e+01
-9.718504e+00 9.927535e+00
-9.763797e+00 -8.931768e+00
-1.089579e+01 -1.006541e+01
1.109991e+01 1.117857e+01
-1.019727e+01 8.048005e+00
-1.061690e+01 -9.505302e+00
9.605630e+00 9.454548e+00
7.412306e+00 -1.030274e+01
-1.011176e+01 9.949418e+00
-1.014259e+01 9.523795e+00
-1.066812e+01 -9.096292e+00
-9.973677e+00 1.062288e+01
-1.022823e+01 8.446808e+00
-1.059447e+01 -9.601225e+00
1.196360e+01 1.181777e+01
-8.450196e+00 -8.368674e+00
-9.920620e+00 1.255418e+01
-1.028769e+01 9.030884e+00
-1.230055e+01 -1.413732e+01
-1.223032e+01 -9.458120e+00
-1.094218e+01 -9.697977e+00
8.643810e+00 1.125543e+01
1.007575e+01 -1.133558e+01
8.892397e+00 -9.012990e+00
1.114398e+01 -1.035006e+01
9.213692e+00 -8.546648e+00
-1.167169e+01 -1.033650e+01
-9.855055e+00 1.290210e+01
-1.083203e+01 -1.345831e+01
1.072006e+01 9.632308e+00
8.932035e+00 -1.030243e+01
-1.063837e+01 -1.234782e+01
1.067176e+01 1.005246e+01
-9.531140e+00 1.192857e+01
-1.018491e+01 1.023838e+01
1.044799e+01 -1.073894e+01
1.039514e+01 1.021820e+01
-1.013589e+01 1.099211e+01
1.138258e+01 1.274005e+01
-9.992178e+00 1.071482e+01
-9.751541e+00 -8.824896e+00
-1.133660e+01 -1.202996e+01
1.187597e+01 -1.205538e+01
8.903157e+00 -1.065117e+01
7.601627e+00 5.189637e+00
-1.006592e+01 -9.289794e+00
-1.030350e+01 9.743221e+00
1.040032e+01 1.226225e+01
-7.931095e+00 -1.064634e+01
-1.018719e+01 6.627147e+00
9.417974e+00 7.848084e+00
8.560367e+00 7.840490e+00
1.044914e+01 1.238436e+01
8.551442e+00 6.196148e+00
1.194866e+01 1.313263e+01
1.032979e+01 -1.121840e+01
-1.137539e+01 -1.225904e+01
9.078605e+00 -1.015289e+01
-1.001854e+01 1.097221e+01
-8.802135e+00 -8.648292e+00
1.020255e+01 1.408491e+01
-1.109305e+01 -1.174290e+01
1.118342e+01 9.850010e+00
8.765368e+00 8.542927e+00
-9.663249e+00 1.331221e+01
9.214320e+00 6.065600e+00
9.717519e+00 8.636254e+00
-1.129643e+01 -1.323190e+01
-1.039523e+01 8.593700e+00
8.851486e+00 9.174463e+00
1.180244e+01 -1.017597e+01
-1.034472e+01 8.266834e+00
-1.011105e+01 1.016511e+01
-9.933814e+00 1.076767e+01
1.007590e+01 -1.056577e+01
1.161652e+01 1.107304e+01
1.024994e+01 -8.863647e+00
9.817171e+00 -9.029505e+00
-1.020613e+01 8.979131e+00
9.081005e+00 -1.122540e+01
-8.871465e+00 -1.043931e+01
-8.026279e+00 -9.716099e+00
8.479855e+00 -1.216001e+01
9.535013e+00 -1.029487e+01
-9.642979e+00 1.019462e+01
9.912011e+00 1.400392e+01
-9.969345e+00 1.218851e+01
1.027702e+01 1.093094e+01
-1.098808e+01 -9.864245e+00
1.070421e+01 8.239220e+00
-9.814140e+00 1.036473e+01
-9.834681e+00 1.227792e+01
-1.017488e+01 9.677039e+00
8.994473e+00 -9.890594e+00
9.789262e+00 -1.219049e+01
-8.980894e+00 -1.285472e+01
1.037656e+01 1.443506e+01
-1.023282e+01 9.222209e+00
8.503682e+00 6.391476e+00
1.180116e+01 8.741907e+00
-9.981934e+00 9.646077e+00
-1.006046e+01 8.108358e+00
9.552337e+00 1.082434e+01
1.153928e+01 -8.722225e+00
9.132086e+00 -1.164831e+01
1.050365e+01 -9.751365e+00
-1.018166e+01 8.818618e+00
9.756073e+00 1.096923e+01
1.167511e+01 -1.376459e+01
-1.057511e+01 8.180490e+00
-9.675045e+00 1.107748e+01
-9.953381e+00 -9.576974e+00
9.246146e+00 9.641192e+00
-1.015630e+01 9.164706e+00
-1.131380e+01 -1.080915e+01
1.097576e+01 -1.080751e+01
9.134465e+00 1.041740e+01
1.017748e+01 7.850196e+00
1.020916e+01 -9.586249e+00
-1.065911e+01 -1.004599e+01
-9.451076e+00 -1.097332e+01
1.037967e+01 1.118731e+01
-1.033457e+01 8.712499e+00
9.861803e+00 8.981719e+00
7.779864e+00 1.019866e+01
9.656698e+00 1.130872e+01
8.979300e+00 -1.258679e+01
-1.013638e+01 -1.293648e+01
-9.660525e+00 1.114866e+01
-1.103375e+01 -9.458343e+00
9.686217e+00 -8.881650e+00
-9.876974e+00 1.211832e+01
1.027562e+01 -1.011334e+01
-8.776974e+00 -7.919053e+00
-9.346713e+00 -1.189762e+01
-1.015239e+01 8.644299e+00
9.677459e+00 -8.695005e+00
1.055660e+01 -8.415767e+00
-1.224842e+01 -1.094018e+01
-9.961171e+00 1.182871e+01
8.417463e+00 6.880600e+00
1.103853e+01 -1.234429e+01
-1.017084e+01 7.307236e+00
7.847371e+00 6.801330e+00
-8.281159e+00 -7.054223e+00
1.025565e+01 9.137790e+00
-9.954906e+00 1.008623e+01
-1.002241e+01 -1.060054e+01
1.112190e+01 1.169897e+01
1.094208e+01 1.194208e+01
-1.045039e+01 8.363346e+00
-1.013068e+01 8.806190e+00
9.500559e+00 -1.048640e+01
-8.945619e+00 -9.204959e+00
9.120826e+00 1.014156e+01
1.094951e+01 -7.373480e+00
-1.006685e+01 -8.441311e+00
-1.079773e+01 -8.315713e+00
-1.043051e+01 -1.011286e+01
-9.825636e+00 1.081976e+01
1.003351e+01 -7.231212e+00
1.026184e+01 7.637094e+00
1.270932e+01 -1.199453e+01
-1.028536e+01 -8.299310e+00
9.129310e+00 1.134039e+01
-1.019089e+01 9.790826e+00
-9.832239e+00 1.146562e+01
-8.039429e+00 -9.368166e+00
-9.424998e+00 1.390685e+01
-1.030440e+01 -9.562379e+00
-1.050803e+01 -9.690107e+00
-8.357085e+00 -9.224050e+00
-1.009230e+01 9.837624e+00
1.067744e+01 -6.316116e+00
1.121357e+01 1.024260e+01
9.525790e+00 9.240048e+00
-9.642831e+00 1.086236e+01
1.021555e+01 1.286285e+01
-9.700802e+00 1.129711e+01
8.183210e+00 -1.127443e+01
-9.892567e+00 9.601547e+00
1.002018e+01 1.075781e+01
1.141170e+01 -1.304556e+01
-1.022902e+01 9.050533e+00
9.617542e+00 -1.002436e+01
1.126062e+01 -1.177369e+01
1.181236e+01 1.213028e+01
-9.057795e+00 -6.316754e+00
-9.903064e+00 1.112892e+01
-9.655547e+00 -1.004299e+01
-1.009917e+01 1.007765e+01
-1.097053e+01 -1.001265e+01
-1.050913e+01 -8.888018e+00
-8.409820e+00 -9.619431e+00
1.027509e+01 1.214977e+01
-9.393709e+00 -9.018735e+00
-1.022741e+01 -1.045904e+01
-9.927928e+00 8.987307e+00
-9.812864e+00 1.191487e+01
9.405301e+00 -1.011810e+01
-9.583462e+00 -1.454002e+01
8.061843e+00 -1.035735e+01
7.553492e+00 -1.058510e+01
8.653351e+00 -1.148724e+01
9.694989e+00 -8.195371e+00
-1.114687e+01 -1.328927e+01
-9.478313e+00 1.026908e+01
-1.016567e+01 -7.850140e+00
9.611643e+00 -8.422278e+00
-1.193772e+01 -9.527875e+00
1.035990e+01 7.677745e+00
8.961598e+00 -1.084862e+01
-1.035325e+01 8.741278e+00
9.935980e+00 -1.180961e+01
1.011572e+01 7.877627e+00
-1.008220e+01 6.997415e+00
-9.644749e+00 -1.022294e+01
-1.000067e+01 9.953172e+00
1.025346e+01 8.809954e+00
9.027167e+00 9.406449e+00
1.156195e+01 8.851395e+00
-9.107099e+00 -1.370622e+01
9.922936e+00 -1.042504e+01
-1.032257e+01 9.854344e+00
8.617442e+00 -1.020523e+01
-9.921522e+00 1.028881e+01
8.811132e+00 -9.711105e+00
-9.581643e+00 -9.042347e+00
8.186051e+00 8.236557e+00
1.105924e+01 -1.144752e+01
-1.005950e+01 8.927714e+00
9.830794e+00 1.178776e+01
-9.791539e+00 1.275803e+01
-8.688447e+00 -9.823631e+00
9.858652e+00 -1.043444e+01
-1.012459e+01 9.206463e+00
8.189851e+00 9.645807e+00
-9.852572e+00 9.800771e+00
1.054261e+01 -9.760755e+00
9.959759e+00 7.971611e+00
-9.933020e+00 8.088509e+00
1.146529e+01 -1.008004e+01
9.824122e+00 8.483356e+00
1.014174e+01 -1.112448e+01
-1.029429e+01 7.648731e+00
1.081409e+01 -1.070914e+01
9.201129e+00 -9.804609e+00
8.019885e+00 -1.004184e+01
9.642638e+00 9.402911e+00
-9.914575e+00 8.958533e+00
1.037066e+01 1.074936e+01
-9.951388e+00 1.093729e+01
1.285812e+01 1.421429e+01
-9.545677e+00 -9.631411e+00
9.557386e+00 1.094944e+01
-9.603770e+00 9.792265e+00
8.159305e+00 -1.212917e+01
8.731090e+00 -8.342783e+00
-1.008609e+01 -1.034583e+01
1.170446e+01 -1.108027e+01
8.452443e+00 -8.478619e+00
8.855301e+00 1.119322e+01
8.825532e+00 8.967022e+00
-1.032373e+01 6.592476e+00
-9.227303e+00 -1.080217e+01
-9.933475e+00 -1.184430e+01
1.081947e+01 1.005879e+01
-9.024756e+00 -9.688202e+00
-1.112987e+01 -1.088069e+01
-9.919373e+00 -9.540785e+00
1.134332e+01 -8.073539e+00
-8.944152e+00 -1.015834e+01
-8.818688e+00 -7.010555e+00
-9.867098e+00 9.019612e+00
1.026872e+01 9.224905e+00
-1.174273e+01 -9.837559e+00
1.042163e+01 9.347652e+00
1.084563e+01 -9.109316e+00
-9.847832e+00 -1.076627e+01
-1.049096e+01 -9.140626e+00
-1.026209e+01 -9.624444e+00
-1.004176e+01 9.185247e+00
1.054153e+01 -9.800942e+00
-1.086655e+01 -8.366514e+00
1.080016e+01 -6.978780e+00
-1.049071e+01 9.872161e+00
1.062991e+01 8.562196e+00
-1.016847e+01 -9.626910e+00
-1.014461e+01 1.150671e+01
1.030265e+01 -8.658997e+00
-9.824702e+00 1.170531e+01
-9.618492e+00 -8.102744e+00
-9.992288e+00 -8.958614e+00
-9.763203e+00 -7.666669e+00
1.133210e+01 1.136907e+01
-9.473894e+00 -8.080709e+00
-9.780765e+00 1.063755e+01
1.104292e+01 -1.046409e+01
1.094698e+01 -1.094376e+01
1.033051e+01 -1.035352e+01
9.637581e+00 8.532415e+00
9.517897e+00 9.674210e+00
9.725964e+00 1.166406e+01
-1.029688e+01 7.991152e+00
-1.002034e+01 9.500056e+00
-1.026319e+01 1.082135e+01
1.019913e+01 1.102191e+01
9.337873e+00 -9.316529e+00
-1.015781e+01 9.411762e+00
-1.091322e+01 -7.403867e+00
-1.005616e+01 8.540859e+00
-9.883227e+00 -8.063067e+00
-8.524817e+00 -1.108811e+01
-9.803263e+00 1.187557e+01
9.666533e+00 1.173293e+01
1.116784e+01 -8.497202e+00
1.163051e+01 1.137160e+01
9.326899e+00 1.060779e+01
-1.017683e+01 -8.999996e+00
-9.343546e+00 1.310749e+01
9.194788e+00 9.463165e+00
-1.002375e+01 1.022914e+01
-9.903689e+00 1.168597e+01
9.774465e+00 -8.241764e+00
-1.033343e+01 -7.947381e+00
1.026819e+01 1.105539e+01
-7.755700e+00 -7.375658e+00
-9.929164e+00 1.030690e+01
9.645978e+00 -9.997688e+00
-1.209609e+01 -1.081601e+01
-9.876872e+00 9.086638e+00
1.031894e+01 -1.083065e+01
-1.012481e+01 8.224514e+00
8.271716e+00 -9.246274e+00
-9.526017e+00 -8.839415e+00
1.026016e+01 -1.223216e+01
9.717982e+00 9.717522e+00
1.112260e+01 -1.045189e+01
-8.706917e+00 -1.182670e+01
1.126457e+01 -1.083692e+01
-1.012024e+01 6.383389e+00
1.063750e+01 -1.040273e+01
1.063232e+01 -1.065336e+01
-9.770208e+00 9.545772e+00
-8.990089e+00 -8.816149e+00
-9.901344e+00 1.048680e+01
1.103140e+01 -7.237135e+00
9.256584e+00 -9.450315e+00
-1.133524e+01 -1.308306e+01
-9.871660e+00 1.035562e+01
1.031806e+01 -9.268208e+00
-1.004243e+01 9.869626e+00
-1.002522e+01 -6.662307e+00
-9.970927e+00 -1.005027e+01
8.913743e+00 8.530398e+00
1.038795e+01 8.606881e+00
-1.017773e+01 -1.080096e+01
-7.886622e+00 -7.852387e+00
1.168518e+01 9.838923e+00
1.102395e+01 -9.024470e+00
-1.018148e+01 1.032256e+01
-1.234598e+01 -1.011924e+01
9.006682e+00 8.181337e+00
1.015568e+01 -8.710892e+00
1.136378e+01 -1.158146e+01
-9.916190e+00 8.566285e+00
1.023156e+01 1.066633e+01
9.145262e+00 -9.004022e+00
-1.003449e+01 8.070265e+00
-1.014290e+01 -9.308619e+00
9.706357e+00 -9.441514e+00
-9.707986e+00 1.056357e+01
-1.018215e+01 8.464480e+00
-1.062203e+01 -1.019088e+01
9.673543e+00 8.639564e+00
1.086932e+01 -1.137490e+01
9.272441e+00 1.091217e+01
-8.868328e+00 -8.919493e+00
-9.747031e+00 -1.372902e+01
1.088196e+01 -8.647980e+00
1.205411e+01 -1.079996e+01
1.203976e+01 -1.042374e+01
-1.019639e+01 9.954684e+00
1.037347e+01 -1.052527e+01
1.029106e+01 -1.076162e+01
-1.045233e+01 9.014965e+00
8.864435e+00 -8.248218e+00
1.023593e+01 -8.990170e+00
-7.788532e+00 -8.457922e+00
-9.176749e+00 -1.261115e+01
1.090171e+01 9.977434e+00
-1.031366e+01 -1.278658e+01
1.131253e+01 -1.045471e+01
8.531488e+00 -8.276279e+00
-1.103398e+01 -1.131832e+01
-9.821754e+00 1.142068e+01
1.138111e+01 -1.079968e+01
-1.079897e+01 -1.037897e+01
1.051262e+01 -1.183603e+01
-8.967586e+00 -7.939085e+00
9.054475e+00 -1.235822e+01
-1.025870e+01 1.022250e+01
-9.088294e+00 -9.967883e+00
-9.998519e+00 1.030086e+01
-1.140732e+01 -1.197845e+01
1.026068e+01 1.229438e+01
1.136261e+01 9.342578e+00
-1.066037e+01 -1.309558e+01
-9.692677e+00 1.004852e+01
-1.005238e+01 9.413410e+00
1.167678e+01 1.347499e+01
1.030243e+01 1.088944e+01
-9.861740e+00 -8.058996e+00
-1.000211e+01 1.181857e+01
9.106777e+00 1.344125e+01
1.122142e+01 1.234607e+01
-1.087336e+01 -1.135878e+01
-9.764653e+00 -1.046562e+01
1.042230e+01 -9.300823e+00
1.061617e+01 9.794966e+00
9.777311e+00 -1.159636e+01
1.113589e+01 1.067140e+01
1.104324e+01 8.930352e+00
-1.008110e+01 1.068426e+01
-9.806958e+00 1.035381e+01
1.063498e+01 1.223590e+01
9.152390e+00 8.263090e+00
1.038725e+01 -1.020672e+01
-9.942649e+00 1.026718e+01
1.030419e+01 1.073740e+01
-9.609520e+00 -1.077919e+01
1.161170e+01 -1.040792e+01
-1.015315e+01 7.722610e+00
1.083241e+01 -9.801377e+00
9.407066e+00 9.927657e+00
-1.062129e+01 -8.586173e+00
9.032233e+00 1.477245e+01
9.631182e+00 -8.369458e+00
9.519863e+00 8.468783e+00
-8.690670e+00 -6.388267e+00
-1.035452e+01 9.316420e+00
-8.968494e+00 -6.621863e+00
1.024945e+01 -9.624142e+00
-9.962327e+00 -1.145503e+01
-9.794778e+00 -1.255817e+01
1.011791e+01 -1.144205e+01
-1.007488e+01 9.661117e+00
9.952508e+00 -1.068684e+01
1.062228e+01 9.252607e+00
-9.834273e+00 1.164808e+01
1.102372e+01 1.070074e+01
-1.011352e+01 9.722210e+00
1.063174e+01 1.033945e+01
1.022695e+01 1.057287e+01
9.214904e+00 1.159766e+01
-1.092742e+01 -1.166158e+01
-1.016863e+01 8.080153e+00
-1.046378e+01 9.613268e+00
7.880903e+00 -1.349477e+01
9.867859e+00 -8.981014e+00
1.085135e+01 1.135914e+01
-9.930483e+00 1.073843e+01
9.825830e+00 1.205248e+01
9.848280e+00 1.209177e+01
1.123066e+01 1.180385e+01
-9.354086e+00 -4.065350e+00
-1.011580e+01 8.752524e+00
9.085700e+00 8.577238e+00
1.034438e+01 1.272878e+01
-1.000382e+01 1.159365e+01
-1.011656e+01 1.023398e+01
-9.904432e+00 9.895091e+00
1.022307e+01 -8.160000e+00
9.795864e+00 -1.030739e+01
8.251706e+00 -9.699463e+00
1.106852e+01 1.146663e+01
-1.072574e+01 -5.999880e+00
9.831221e+00 7.498526e+00
8.865412e+00 -7.642775e+00
8.297077e+00 -9.135057e+00
1.073299e+01 1.199153e+01
8.629234e+00 -1.097621e+01
8.972928e+00 1.202146e+01
8.619367e+00 -1.190154e+01
1.005006e+01 -1.082765e+01
-9.143410e+00 -7.933848e+00
-9.818020e+00 9.867769e+00
-9.600188e+00 1.136168e+01
1.100352e+01 7.613256e+00
1.113050e+01 -1.178312e+01
1.033702e+01 1.232688e+01
8.817247e+00 8.692123e+00
-9.767352e+00 1.114443e+01
1.101060e+01 -1.218241e+01
-1.090353e+01 -8.652200e+00
8.589462e+00 -1.223146e+01
1.168550e+01 -7.684569e+00
-9.298512e+00 -1.106234e+01
-9.388497e+00 -7.209817e+00
1.171202e+01 -8.866284e+00
9.645585e+00 -1.189273e+01
-9.374078e+00 -9.189544e+00
-9.436677e+00 -1.034940e+01
-1.017602e+01 8.245589e+00
-1.027908e+01 9.183816e+00
-9.832492e+00 1.182449e+01
-8.951897e+00 -9.237290e+00
-1.071516e+01 -1.505601e+01
1.049528e+01 -9.657736e+00
-1.171609e+01 -1.222719e+01
1.012974e+01 1.156166e+01
-1.027103e+01 1.021993e+01
9.587758e+00 -8.523834e+00
1.118261e+01 -1.111359e+01
1.055665e+01 9.002605e+00
-8.469026e+00 -9.904715e+00
-8.519578e+00 -9.709881e+00
1.016376e+01 1.366741e+01
-9.944214e+00 1.073225e+01
1.059117e+01 -1.150557e+01
1.166211e+01 8.696580e+00
1.044139e+01 -8.264960e+00
1.148789e+01 1.108990e+01
1.130548e+01 -1.120693e+01
-1.007983e+01 1.098340e+01
1.164510e+01 -1.298228e+01
-9.930778e+00 1.177991e+01
-9.990892e+00 9.769561e+00
1.037431e+01 1.071840e+01
-9.920481e+00 1.113824e+01
9.366428e+00 9.444500e+00
-9.732705e+00 -9.191881e+00
7.765517e+00 7.902955e+00
-9.840090e+00 -8.122405e+00
1.114265e+01 -1.037529e+01
9.430764e+00 9.677064e+00
-9.977265e+00 1.040738e+01
-9.929579e+00 9.651633e+00
1.089440e+01 1.436514e+01
-1.004254e+01 8.717054e+00
-9.913520e+00 -9.246532e+00
-1.000894e+01 1.000410e+01
-9.555200e+00 1.268434e+01
-9.925140e+00 8.718347e+00
-9.784427e+00 1.142210e+01
-1.014394e+01 8.331079e+00
1.009383e+01 -7.955571e+00
-1.002534e+01 -1.091491e+01
1.006624e+01 -1.043589e+01
9.413916e+00 -1.249017e+01
7.694154e+00 8.680110e+00
8.451063e+00 -1.048336e+01
-9.044455e+00 -1.157181e+01
8.894856e+00 -1.190420e+01
1.196249e+01 -1.048583e+01
-9.396058e+00 1.189886e+01
1.061794e+01 -9.124030e+00
-9.881679e+00 1.121287e+01
-1.005589e+01 9.092175e+00
9.062174e+00 -1.040790e+01
1.057683e+01 1.013211e+01
8.669137e+00 7.460980e+00
-1.057971e+01 -9.338194e+00
1.011504e+01 8.486326e+00
-1.001950e+01 1.041157e+01
8.129405e+00 6.957841e+00
-1.036773e+01 7.369588e+00
-1.025232e+01 8.762821e+00
8.635283e+00 7.131386e+00
9.180554e+00 -9.592227e+00
-8.629582e+00 -9.697987e+00
9.705005e+00 9.609078e+00
-9.920764e+00 1.015683e+01
1.086146e+01 -8.807149e+00
-1.010257e+01 1.145369e+01
1.028408e+01 1.222820e+01
-1.033205e+01 -9.367322e+00
-1.105168e+01 -9.385243e+00
-1.005856e+01 1.054279e+01
8.412744e+00 -1.196172e+01
9.573422e+00 -1.128857e+01
-9.837786e+00 1.132558e+01
-8.553569e+00 -3.102054e+00
1.001820e+01 8.664184e+00
-9.173679e+00 -9.990827e+00
-9.055217e+00 -8.992534e+00
1.160500e+01 8.914899e+00
8.606013e+00 -1.198771e+01
-1.001641e+01 1.101966e+01
9.824550e+00 1.212804e+01
-9.555792e+00 1.139191e+01
1.158455e+01 1.025026e+01
-1.098027e+01 -1.185711e+01
9.454287e+00 -1.162146e+01
-9.947042e+00 -1.572188e+01
1.034449e+01 -9.764712e+00
8.991089e+00 8.399761e+00
9.541645e+00 -7.786947e+00
-9.907310e+00 -1.131161e+01
9.578110e+00 -9.734509e+00
9.490503e+00 9.105439e+00
1.032579e+01 -8.013035e+00
-1.003773e+01 -9.068224e+00
-1.075747e+01 -1.358503e+01
-1.055394e+01 -1.358011e+01
9.944008e+00 -9.392686e+00
1.054985e+01 8.999842e+00
1.115937e+01 -9.340536e+00
-9.828719e+00 9.365960e+00
9.754743e+00 -5.509070e+00
-1.032508e+01 1.009194e+01
9.961082e+00 9.342700e+00
9.641687e+00 7.938742e+00
-1.014707e+01 8.374004e+00
-9.321361e+00 -7.487743e+00
-1.060535e+01 6.953498e+00
8.891362e+00 -1.064869e+01
9.914451e+00 -1.028600e+01
-9.015564e+00 -7.250163e+00
1.037671e+01 1.020730e+01
8.596954e+00 9.800649e+00
-1.008501e+01 9.255754e+00
1.170201e+01 -1.017702e+01
9.235408e+00 8.603383e+00
1.017860e+01 1.107699e+01
-1.011682e+01 7.689500e+00
-8.868612e+00 -9.096783e+00
-9.956353e+00 1.002100e+01
1.118037e+01 1.041366e+01
-1.059491e+01 7.585375e+00
-9.753234e+00 -1.073760e+01
-9.992365e+00 8.422744e+00
1.180914e+01 1.187512e+01
1.213819e+01 -1.121662e+01
1.058287e+01 -8.523955e+00
-9.720186e+00 -1.054898e+01
1.102490e+01 9.067467e+00
-8.984791e+00 -9.627207e+00
7.806913e+00 -9.608724e+00
8.790949e+00 -8.331705e+00
8.889344e+00 -1.010730e+01
9.435647e+00 -1.024134e+01
9.915301e+00 -1.077699e+01
8.753208e+00 -8.409279e+00
-1.013708e+01 6.598462e+00
8.510558e+00 9.966997e+00
1.084474e+01 9.681251e+00
8.864851e+00 -1.260463e+01
1.154294e+01 1.078826e+01
-9.974100e+00 1.127012e+01
9.181960e+00 1.007300e+01
9.378503e+00 -8.657154e+00
1.120162e+01 -1.109881e+01
1.013429e+01 1.017878e+01
-9.784815e+00 -7.029218e+00
-9.055725e+00 -1.269432e+01
1.223005e+01 -7.704790e+00
-9.918736e+00 -1.234702e+01
1.051630e+01 9.024496e+00
-9.236520e+00 -8.684135e+00
8.793376e+00 9.306411e+00
-1.040711e+01 -1.314520e+01
-1.050217e+01 9.191581e+00
-9.836805e+00 9.678067e+00
9.275298e+00 -8.136514e+00
-9.083403e+00 -1.064001e+01
-9.517466e+00 1.105061e+01
1.057738e+01 1.080027e+01
-1.072456e+01 -1.083517e+01
9.961584e+00 1.295774e+01
-1.152880e+01 -8.712722e+00
-1.015464e+01 1.016748e+01
-1.020542e+01 1.095354e+01
-1.039984e+01 9.142857e+00
-1.073968e+01 -1.295536e+01
-1.190492e+01 -1.395832e+01
-1.081415e+01 -1.252500e+01
-1.072471e+01 -1.213844e+01
-9.800845e+00 1.055505e+01
1.084569e+01 -1.004312e+01
-9.681556e+00 -8.752201e+00
-9.805217e+00 1.369994e+01
9.717399e+00 -1.121571e+01
9.065000e+00 -1.046674e+01
9.178296e+00 9.859337e+00
9.251821e+00 -1.233451e+01
-9.950350e+00 -8.133184e+00
9.105060e+00 -1.111998e+01
-9.859699e+00 1.048870e+01
1.017136e+01 -8.738351e+00
-1.106477e+01 -1.312231e+01
1.056498e+01 9.544235e+00
9.568571e+00 9.260394e+00
-8.793056e+00 -8.850470e+00
8.811126e+00 -7.115160e+00
-1.047051e+01 -1.081347e+01
-9.698029e+00 9.856336e+00
1.057066e+01 8.888820e+00
1.165467e+01 -1.003386e+01
1.062526e+01 -9.756132e+00
-1.056545e+01 -1.070377e+01
-1.055533e+01 -8.421095e+00
-1.023932e+01 -1.230178e+01
-9.724170e+00 -9.405790e+00
-9.604736e+00 1.008797e+01
1.067897e+01 9.595208e+00
1.117386e+01 8.678620e+00
1.021182e+01 1.040732e+01
9.673179e+00 -8.446355e+00
1.093605e+01 9.981966e+00
-9.011159e+00 -8.633837e+00
-9.709573e+00 -7.585832e+00
-1.066059e+01 -1.052320e+01
1.147669e+01 1.151361e+01
-9.643139e+00 1.160866e+01
-1.019717e+01 1.041606e+01
9.287911e+00 -1.102074e+01
-9.751935e+00 1.262610e+01
1.092741e+01 8.167078e+00
-1.009798e+01 1.272675e+01
-1.035546e+01 -1.187659e+01
8.960869e+00 -1.040876e+01
1.140335e+01 1.227195e+01
1.161050e+01 8.350438e+00
-8.772243e+00 -8.653755e+00
1.055795e+01 -7.783850e+00
-1.015205e+01 9.365558e+00
-9.378538e+00 -9.419633e+00
-9.600737e+00 1.080210e+01
1.030945e+01 -1.149111e+01
-1.055501e+01 -7.716707e+00
-9.915121e+00 1.104973e+01
-1.003171e+01 1.093749e+01
9.078108e+00 -1.023876e+01
9.009507e+00 -8.901618e+00
8.908137e+00 -7.076462e+00
1.006256e+01 -1.164967e+01
1.002999e+01 1.111059e+01
1.094161e+01 9.850665e+00
-1.147321e+01 -1.169767e+01
9.579618e+00 9.616819e+00
9.910366e+00 7.011326e+00
9.691061e+00 -1.079639e+01
-1.076406e+01 -1.085886e+01
1.095666e+01 -1.032450e+01
1.019703e+01 1.024997e+01
-9.992832e+00 -9.618777e+00
-1.030436e+01 7.986211e+00
-1.003481e+01 -7.972597e+00
-9.955838e+00 1.155596e+01
-1.046417e+01 8.510226e+00
-9.723910e+00 1.073783e+01
1.093243e+01 -1.337114e+01
-1.001154e+01 1.037022e+01
-8.295381e+00 -1.069571e+01
-9.703673e+00 1.151583e+01
1.008829e+01 1.070034e+01
9.423698e+00 1.039968e+01
9.747107e+00 6.548245e+00
-1.009735e+01 1.043824e+01
1.018978e+01 -8.082805e+00
-9.830523e+00 9.106980e+00
-9.997039e+00 9.954025e+00
1.022044e+01 1.146013e+01
-1.044204e+01 -1.078950e+01
-1.082297e+01 -1.067885e+01
7.335282e+00 7.611548e+00
-1.022922e+01 1.027881e+01
9.952631e+00 -9.547262e+00
9.409185e+00 6.618872e+00
1.035986e+01 1.120078e+01
-1.036992e+01 -1.085530e+01
1.070778e+01 -1.285893e+01
1.149677e+01 1.273211e+01
1.100763e+01 8.387235e+00
1.025032e+01 -1.087667e+01
-1.097582e+01 -1.010572e+01
-1.035827e+01 8.731981e+00
-8.259455e+00 -9.469328e+00
8.632050e+00 -1.075793e+01
9.894038e+00 1.019608e+01
1.040560e+01 1.273054e+01
-9.920251e+00 9.532917e+00
-9.442631e+00 -8.851312e+00
9.444400e+00 1.113961e+01
-1.068452e+01 -1.154913e+01
-9.968218e+00 6.492909e+00
-9.865757e+00 1.109540e+01
-1.068655e+01 -1.081636e+01
-8.497180e+00 -6.317212e+00
-1.022393e+01 8.590898e+00
1.011239e+01 -1.042008e+01
1.109201e+01 9.735322e+00
1.100085e+01 1.112719e+01
8.391244e+00 -9.101466e+00
1.048552e+01 6.751105e+00
-1.130517e+01 -1.263379e+01
9.729777e+00 1.211559e+01
1.146216e+01 -9.918632e+00
1.096160e+01 -1.064780e+01
-1.082387e+01 -9.192312e+00
1.176235e+01 9.521629e+00
1.011033e+01 -7.726961e+00
9.864478e+00 -1.095587e+01
9.659242e+00 -9.755960e+00
-1.086456e+01 -9.040134e+00
-1.005526e+01 8.293978e+00
1.009603e+01 9.555426e+00
8.860220e+00 8.058904e+00
-1.036378e+01 -1.118398e+01
1.026280e+01 1.013962e+01
-9.749856e+00 9.196331e+00
1.081363e+01 9.352234e+00
-8.443885e+00 -9.840292e+00
-1.027858e+01 8.683262e+00
1.046796e+01 -8.271115e+00
-1.041397e+01 -8.332425e+00
-9.245545e+00 -9.422097e+00
8.668007e+00 -9.945901e+00
-8.776974e+00 -1.241764e+01
-1.078470e+01 -1.368057e+01
-1.004480e+01 -9.798672e+00
8.940799e+00 -1.288526e+01
9.627156e+00 7.319118e+00
8.462528e+00 -1.089696e+01
-9.685313e+00 1.104586e+01
9.507960e+00 8.491269e+00
1.028881e+01 1.168938e+01
9.006280e+00 1.085636e+01
1.053853e+01 -7.292122e+00
9.377223e+00 -9.661377e+00
-1.068590e+01 7.307792e+00
1.034607e+01 -9.445263e+00
-9.316297e+00 -1.001209e+01
-9.819002e+00 1.163007e+01
-9.974353e+00 7.875546e+00
9.149357e+00 7.908116e+00
1.176843e+01 1.130283e+01
1.030116e+01 8.359325e+00
1.001468e+01 -1.039399e+01
-8.813817e+00 -8.800686e+00
8.671585e+00 -9.441300e+00
-1.098245e+01 -1.032805e+01
-1.018391e+01 9.721855e+00
1.065449e+01 -9.030240e+00
-9.771585e+00 1.181708e+01
9.965071e+00 -9.526083e+00
1.062929e+01 1.101649e+01
9.359807e+00 -9.019114e+00
1.114505e+01 -9.557823e+00
1.012287e+01 -1.017071e+01
-1.026784e+01 7.191900e+00
-1.005840e+01 9.383750e+00
1.026904e+01 8.969597e+00
-9.382725e+00 -1.006253e+01
9.281452e+00 -9.999815e+00
1.011753e+01 -9.271802e+00
1.062931e+01 -9.443810e+00
-1.010058e+01 8.105059e+00
-8.596774e+00 -8.195169e+00
-9.994005e+00 1.058731e+01
-9.829343e+00 9.916679e+00
1.079237e+01 -1.045142e+01
-1.058913e+01 -1.020428e+01
9.563820e+00 -7.964890e+00
-8.904045e+00 -1.077281e+01
8.203735e+00 -1.047260e+01
9.116876e+00 7.039121e+00
-9.887047e+00 1.036547e+01
1.092121e+01 -9.310065e+00
1.052362e+01 9.075573e+00
-1.096859e+01 -1.097672e+01
-1.016853e+01 9.500640e+00
-8.975564e+00 -1.056494e+01
9.608627e+00 -8.399762e+00
9.606701e+00 -1.031905e+01
-1.051489e+01 9.622823e+00
-1.027337e+01 9.624270e+00
-1.013425e+01 -9.663446e+00
1.024241e+01 -1.056223e+01
9.025277e+00 9.310277e+00
-9.905185e+00 -1.110415e+01
1.097703e+01 -1.140408e+01
1.120495e+01 -9.327102e+00
8.732878e+00 1.099121e+01
1.138591e+01 1.180530e+01
1.024672e+01 1.115855e+01
-9.989019e+00 9.905092e+00
1.168107e+01 1.437358e+01
9.222083e+00 -1.142049e+01
-9.150668e+00 -6.631591e+00
9.372739e+00 -1.224377e+01
-1.250643e+01 -1.278681e+01
-9.953894e+00 1.095064e+01
9.896569e+00 1.166561e+01
-1.058458e+01 -8.765286e+00
9.150265e+00 -1.114292e+01
1.070044e+01 1.076529e+01
1.042288e+01 -1.076325e+01
1.045771e+01 -9.602559e+00
9.832233e+00 -8.467609e+00
1.131595e+01 1.422471e+01
1.065560e+01 -1.219097e+01
-1.053876e+01 -7.902220e+00
-9.977298e+00 1.044691e+01
7.835332e+00 -1.090778e+01
-1.016642e+01 9.106424e+00
-9.902312e+00 1.091615e+01
-1.018788e+01 1.001347e+01
-9.795857e+00 1.065091e+01
9.375756e+00 -9.813413e+00
9.819521e+00 9.305606e+00
1.011179e+01 1.053001e+01
9.669303e+00 -7.669670e+00
-9.662992e+00 1.221538e+01
-9.871007e+00 -8.232076e+00
-1.027767e+01 1.108867e+01
-1.004339e+01 9.662489e+00
9.485099e+00 -1.014529e+01
-9.589420e+00 -7.405089e+00
1.042367e+01 -1.026180e+01
-1.025926e+01 -1.274517e+01
-1.012620e+01 -9.167011e+00
1.163654e+01 -1.011005e+01
-1.000931e+01 8.539715e+00
9.252738e+00 -1.149217e+01
9.838213e+00 -1.067320e+01
1.104269e+01 -1.066046e+01
9.075084e+00 -1.211357e+01
-1.035947e+01 7.435528e+00
-9.389306e+00 1.155340e+01
9.650415e+00 -9.422605e+00
-8.464867e+00 -7.132491e+00
-9.754934e+00 -1.349402e+01
-1.082346e+01 -1.207307e+01