-1.554908e+01 7.678729e+00
9.194980e+00 1.065600e+01
-1.449049e+01 8.947926e+00
8.666060e+00 1.040967e+01
-1.309281e+01 9.505509e+00
-4.996032e-01 1.512655e+01
7.135967e+00 9.648727e+00
7.967467e+00 9.801833e+00
7.747136e+00 1.014589e+01
8.969489e+00 1.065244e+01
-1.412892e+01 9.142351e+00
7.658389e+00 1.090247e+01
7.797935e+00 9.587244e+00
8.204826e+00 1.081908e+01
7.684776e+00 9.007237e+00
8.372830e+00 1.111470e+01
7.889148e+00 9.530223e+00
8.131250e+00 9.516523e+00
7.755137e+00 9.682063e+00
7.080092e+00 9.542457e+00
8.622873e+00 1.065749e+01
6.710614e+00 9.466627e+00
7.402679e+00 9.136740e+00
7.663229e+00 8.298680e+00
8.975403e+00 9.413210e+00
8.151857e+00 9.265734e+00
7.473433e-03 1.493210e+01
6.847016e+00 9.816758e+00
6.837934e+00 9.804348e+00
-2.222601e+00 1.501302e+01
6.998853e-02 1.498932e+01
8.819688e+00 1.032505e+01
-1.469449e+01 8.575014e+00
1.823093e+00 1.504922e+01
-1.437909e+01 8.823948e+00
-1.361930e+01 8.645337e+00
8.234450e+00 9.201728e+00
7.468607e+00 1.043218e+01
7.607321e+00 9.577479e+00
7.342579e+00 8.515951e+00
7.022078e+00 1.055172e+01
9.352830e+00 9.816563e+00
9.561983e+00 1.104621e+01
7.657367e+00 1.032690e+01
7.686284e+00 1.037509e+01
8.849754e+00 1.007566e+01
8.256039e+00 1.059012e+01
7.980899e+00 1.097638e+01
8.646309e+00 9.972799e+00
7.333090e+00 9.343551e+00
8.420489e+00 9.696390e+00
8.316413e+00 1.011955e+01
8.150455e+00 9.188702e+00
7.731081e+00 1.030317e+01
-1.534844e+01 7.660251e+00
7.475830e+00 9.826837e+00
-1.490860e+01 8.191219e+00
-1.419946e+01 9.318405e+00
7.980613e+00 1.033858e+01
7.880532e+00 1.046673e+01
9.587286e+00 1.030870e+01
7.718195e+00 9.162749e+00
8.552770e+00 1.057375e+01
8.960435e+00 1.116131e+01
-1.637005e+01 6.799872e+00
7.450324e+00 1.038868e+01
7.971076e+00 9.395043e+00
7.479630e+00 9.576421e+00
6.893998e+00 7.740628e+00
-1.740043e+01 5.968483e+00
8.595667e+00 1.105126e+01
-1.261145e+01 1.025768e+01
8.742219e+00 9.030507e+00
8.542046e+00 1.045520e+01
6.607307e+00 8.781876e+00
9.042639e+00 9.647504e+00
-1.488043e+01 7.827117e+00
7.968048e+00 1.041967e+01
2.936729e+00 1.486815e+01
-1.561441e+01 7.844750e+00
6.960945e+00 9.854011e+00
7.904110e+00 1.046099e+01
8.194658e+00 8.931239e+00
6.895039e+00 1.046052e+01
7.210855e+00 8.803860e+00
6.795122e+00 9.921562e+00
8.148040e+00 1.160962e+01
9.113306e+00 9.781696e+00
9.069495e+00 9.875996e+00
-1.658142e+01 6.755674e+00
9.248088e+00 1.029298e+01
8.169784e+00 9.572146e+00
9.406559e+00 1.014046e+01
7.723503e+00 9.755957e+00
7.819723e+00 9.125255e+00
8.396875e+00 9.667898e+00
8.542774e+00 1.028402e+01
8.234590e+00 1.059278e+01
8.121972e+00 9.563645e+00
8.523119e+00 1.069030e+01
9.259863e+00 9.075872e+00
9.072623e+00 1.010190e+01
7.471716e+00 1.024828e+01
9.860957e+00 1.033111e+01
-1.382809e+01 8.715495e+00
7.531532e+00 1.004029e+01
8.596958e+00 9.544656e+00
-1.537435e+01 7.605734e+00
9.292280e+00 9.359893e+00
8.662461e+00 1.002697e+01
8.320120e+00 9.991981e+00
7.561468e+00 9.653214e+00
7.779651e+00 8.985180e+00
7.520318e+00 9.251314e+00
7.170738e+00 9.552397e+00
8.696089e+00 1.012897e+01
8.727407e+00 1.081632e+01
9.347153e-02 1.496053e+01
7.669173e+00 9.793429e+00
8.439644e+00 1.044953e+01
6.889600e+00 9.792789e+00
8.007732e+00 1.035484e+01
8.512037e+00 9.866246e+00
8.048200e+00 1.019139e+01
6.018307e+00 9.421884e+00
7.835671e+00 8.713281e+00
6.611973e+00 1.057581e+01
7.858702e+00 9.020368e+00
6.899771e+00 1.062323e+01
7.782186e+00 9.439819e+00
9.272571e+00 1.048558e+01
2.355637e+00 1.513852e+01
6.829689e+00 1.049980e+01
7.947037e+00 1.009220e+01
7.208698e+00 9.789153e+00
8.052313e+00 9.997587e+00
7.134100e+00 8.922195e+00
8.162926e+00 1.088018e+01
9.204492e+00 9.878825e+00
-1.478368e+01 8.973956e+00
7.694194e+00 1.030972e+01
8.083940e+00 1.046314e+01
7.930252e+00 9.603083e+00
-1.065624e+00 1.506272e+01
7.384650e+00 9.134037e+00
-1.514197e+01 7.730474e+00
-1.633847e+01 6.530576e+00
7.312617e+00 9.664126e+00
-6.971428e-01 1.500624e+01
7.353216e+00 9.479196e+00
8.111620e+00 9.421166e+00
-1.672794e+01 6.964278e+00
7.828931e+00 9.387038e+00
7.826599e+00 1.019281e+01
-1.532843e+01 7.831112e+00
7.851976e+00 1.039854e+01
3.016116e+00 1.492573e+01
7.841722e+00 9.778606e+00
8.406867e+00 9.430874e+00
8.132166e+00 1.081211e+01
8.687461e+00 9.539378e+00
8.707386e+00 1.007806e+01
7.942997e+00 9.720356e+00
-1.415058e+01 8.245232e+00
8.870851e+00 1.108654e+01
2.565903e+00 1.488074e+01
7.189521e+00 8.741594e+00
7.810013e+00 9.676602e+00
7.924666e+00 8.975280e+00
8.189934e+00 9.547794e+00
2.125011e+00 1.491713e+01
7.105184e+00 9.185005e+00
1.067845e+00 1.507049e+01
7.343629e+00 1.140929e+01
9.510090e+00 9.885964e+00
9.631523e+00 9.587351e+00
8.440531e+00 8.894252e+00
7.870813e+00 9.269588e+00
7.543386e+00 1.069699e+01
7.562973e+00 1.059354e+01
6.787522e+00 9.233341e+00
7.737306e+00 9.449652e+00
8.051333e+00 1.076367e+01
7.932411e+00 9.631122e+00
-7.816910e-01 1.501180e+01
-2.080616e+00 1.493144e+01
-1.733448e+00 1.501096e+01
7.756076e+00 1.044492e+01
-1.476709e+01 7.662590e+00
-1.620301e+01 6.843687e+00
-5.643946e-02 1.495973e+01
8.210538e+00 9.613332e+00
7.452752e+00 9.593786e+00
7.849258e+00 1.181736e+01
7.865626e+00 9.905130e+00
7.306625e+00 1.050530e+01
1.257534e+00 1.506288e+01
-4.438872e+00 1.515660e+01
3.878023e+00 1.516266e+01
8.494862e+00 8.949981e+00
7.993185e+00 9.860626e+00
9.189325e+00 1.027996e+01
7.142302e+00 9.851656e+00
7.520509e+00 1.096029e+01
7.968979e+00 9.543774e+00
9.102986e+00 9.864824e+00
7.834719e+00 9.363229e+00
8.064881e+00 1.027133e+01
8.136484e+00 1.049849e+01
8.183189e+00 1.098115e+01
7.814043e+00 1.048680e+01
1.043477e+01 9.071027e+00
6.744431e+00 8.830748e+00
8.100772e+00 1.073722e+01
7.989953e+00 1.031924e+01
8.047707e+00 1.140570e+01
5.693772e+00 8.792749e+00
-1.376702e+01 8.988671e+00
7.215700e+00 9.627471e+00
7.722614e+00 1.042744e+01
2.315845e+00 1.509522e+01
8.911081e+00 9.314806e+00
7.470281e+00 9.178591e+00
2.000802e-01 1.493036e+01
6.893317e+00 9.161145e+00
8.879571e+00 1.066770e+01
8.081441e+00 1.045951e+01
9.413992e+00 1.044670e+01
-1.636100e+01 7.411531e+00
8.014115e+00 8.897755e+00
7.183327e+00 1.067433e+01
8.269346e+00 9.450884e+00
8.129926e+00 9.486053e+00
9.263766e+00 1.033004e+01
7.281779e+00 9.802307e+00
8.468289e+00 8.828596e+00
6.313420e+00 9.884259e+00
7.422141e+00 9.157126e+00
8.665316e+00 1.006721e+01
-1.372411e+01 9.541950e+00
7.682105e-01 1.499583e+01
7.979702e+00 9.233099e+00
6.755615e+00 1.014169e+01
-2.689045e+00 1.494511e+01
-1.589762e+01 7.527454e+00
6.854890e+00 9.456662e+00
6.902995e+00 8.804526e+00
1.015924e+01 9.703123e+00
9.575796e+00 1.045999e+01
7.711201e+00 9.409967e+00
8.146751e+00 1.023274e+01
-1.694393e+01 6.001955e+00
7.842938e+00 1.030349e+01
8.373231e+00 9.580081e+00
6.612179e+00 9.765451e+00
7.266132e+00 1.077703e+01
9.826749e+00 1.146272e+01
-1.804727e+01 5.734978e+00
8.163328e+00 1.152263e+01
7.710514e+00 1.020568e+01
8.244882e+00 9.129905e+00
8.276884e+00 9.138980e+00
8.940109e+00 1.013855e+01
8.711600e+00 9.392387e+00
6.879443e+00 1.028509e+01
8.073266e+00 9.945363e+00
8.561131e+00 1.003260e+01
8.127472e+00 9.710699e+00
8.315790e+00 1.005253e+01
7.664564e+00 1.093863e+01
8.264499e+00 1.011836e+01
8.296700e+00 9.765593e+00
8.545342e+00 1.066839e+01
9.288104e+00 9.830788e+00
-1.597306e+01 6.994493e+00
7.530374e+00 1.083606e+01
6.808437e+00 9.307090e+00
-1.427375e+01 8.490790e+00
8.584867e+00 9.393707e+00
7.660120e+00 9.853713e+00
7.925830e+00 9.651676e+00
7.676516e+00 9.168911e+00
8.234094e+00 1.034047e+01
-1.421016e+01 8.923233e+00
8.759770e+00 1.062031e+01
7.808271e+00 1.000721e+01
8.160658e+00 9.713168e+00
7.276742e+00 8.630456e+00
1.183532e+00 1.521942e+01
7.504952e+00 8.598900e+00
9.682985e-01 1.503126e+01
9.025743e+00 1.060289e+01
8.108794e+00 1.144707e+01
-1.875392e+01 4.369512e+00
9.051806e+00 9.795729e+00
9.132787e+00 1.019379e+01
7.847669e+00 9.984840e+00
7.025774e+00 1.086454e+01
6.905848e+00 1.046429e+01
7.841527e+00 9.682083e+00
7.946379e+00 9.142756e+00
8.729073e+00 1.145609e+01
-2.210965e+00 1.504883e+01
7.901483e+00 1.058441e+01
8.273699e+00 9.549670e+00
8.634403e+00 9.994488e+00
8.073443e+00 9.773913e+00
-1.356897e+00 1.490910e+01
8.888459e+00 1.056742e+01
8.659088e+00 1.074348e+01
7.758841e+00 9.132897e+00
-2.489871e+00 1.508839e+01
8.465010e+00 1.004508e+01
9.192732e+00 1.106462e+01
9.117910e+00 9.630538e+00
8.256711e+00 1.052878e+01
7.098132e+00 9.463900e+00
7.516934e+00 9.301969e+00
7.978725e+00 1.092670e+01
8.220445e+00 1.158882e+01
8.743427e+00 9.195559e+00
4.190391e+00 1.514763e+01
9.036591e+00 1.025060e+01
8.105294e+00 1.041244e+01
7.977740e+00 1.035979e+01
8.718099e+00 1.020091e+01
7.549619e-02 1.493319e+01
6.842048e+00 9.552792e+00
9.441750e+00 9.798746e+00
-1.257443e+01 1.057825e+01
7.524266e+00 1.015145e+01
7.625616e+00 1.036860e+01
6.952299e+00 9.029623e+00
6.839363e+00 1.030912e+01
8.557254e+00 1.009629e+01
8.600189e+00 9.831848e+00
8.452229e+00 9.616612e+00
7.523908e+00 9.884439e+00
8.423147e+00 9.542161e+00
7.535896e+00 9.635396e+00
5.174927e-01 1.484031e+01
8.377936e+00 9.507584e+00
8.575177e+00 9.773969e+00
8.287771e+00 9.726960e+00
9.174738e+00 8.330759e+00
8.608377e+00 9.756025e+00
2.931319e+00 1.508866e+01
7.847618e+00 1.035256e+01
6.858262e+00 9.045087e+00
8.922738e+00 1.113198e+01
8.841001e+00 1.019170e+01
7.132972e+00 9.596765e+00
6.038322e+00 9.891210e+00
8.038893e+00 9.912511e+00
-1.789132e+01 6.214687e+00
-1.393309e+01 8.458339e+00
8.753199e+00 9.793195e+00
9.770282e+00 1.036686e+01
-1.598701e+01 6.841787e+00
7.776265e+00 1.122279e+01
7.641144e+00 1.025606e+01
8.160302e-01 1.495150e+01
8.380175e+00 9.605463e+00
-5.421354e-01 1.491123e+01
7.691751e+00 8.711325e+00
-6.806423e-01 1.490717e+01
7.613030e+00 9.641910e+00
7.892004e+00 9.700109e+00
7.611804e+00 1.012452e+01
8.618463e+00 1.003198e+01
7.522272e+00 1.090674e+01
7.928985e+00 1.023367e+01
8.271957e+00 8.902428e+00
7.678788e+00 1.004397e+01
5.112157e+00 9.898220e+00
8.201737e+00 9.758906e+00
7.586033e+00 9.366037e+00
8.636026e-01 1.504051e+01
8.392475e+00 1.020735e+01
7.897300e+00 8.787216e+00
-5.836340e-01 1.491487e+01
-1.285383e+01 1.010376e+01
7.632776e+00 9.747114e+00
8.782557e+00 1.083794e+01
8.320959e+00 8.566621e+00
8.743522e+00 9.932288e+00
6.394535e+00 1.013505e+01
8.818294e+00 9.449788e+00
7.552972e+00 9.800452e+00
7.463512e+00 9.410118e+00
8.029567e+00 1.076857e+01
8.512609e+00 9.923633e+00
-1.692330e+01 6.962410e+00
8.104772e+00 9.679691e+00
7.331252e+00 1.002617e+01
8.258231e+00 1.069585e+01
7.400105e+00 9.577471e+00
7.393587e+00 1.079521e+01
6.284470e+00 1.020822e+01
7.479307e+00 1.014357e+01
-1.683812e+01 6.553329e+00
-1.409358e+01 9.770476e+00
9.049294e+00 9.312694e+00
8.358089e+00 1.013767e+01
-1.545673e+01 7.011520e+00
8.614211e+00 1.000525e+01
-1.485582e+01 8.402238e+00
8.608317e+00 1.081844e+01
7.138217e+00 9.639517e+00
8.594375e+00 1.018872e+01
-1.390049e+01 8.883611e+00
9.512133e+00 1.007828e+01
9.328367e+00 9.841443e+00
7.142123e+00 9.295536e+00
8.086859e+00 1.184620e+01
7.972356e+00 1.041797e+01
7.400844e+00 1.094971e+01
8.552700e+00 1.030094e+01
-5.824559e-01 1.495397e+01
9.135777e+00 1.008370e+01
8.814544e+00 9.433530e+00
6.630549e+00 8.923510e+00
8.235308e+00 1.029358e+01
8.043573e+00 9.127324e+00
7.363580e+00 1.036838e+01
6.640348e+00 1.019833e+01
7.602904e+00 9.799870e+00
8.046750e+00 9.089163e+00
1.788532e+00 1.489600e+01
-1.529012e+01 8.412728e+00
7.301244e+00 9.697616e+00
-1.908410e+00 1.517220e+01
7.856697e+00 1.075264e+01
8.958914e+00 9.840063e+00
7.582059e+00 1.056873e+01
-1.587151e+01 7.706382e+00
7.799273e+00 1.024094e+01
7.642185e+00 1.005701e+01
8.649632e+00 9.893535e+00
7.249481e+00 9.980196e+00
8.261253e+00 1.027002e+01
7.717832e+00 1.078478e+01
9.080655e+00 9.338553e+00
6.487430e+00 1.007535e+01
8.602181e+00 9.991644e+00
7.783691e+00 8.632015e+00
7.244863e+00 1.056275e+01
7.641706e+00 9.603001e+00
7.416748e+00 1.070307e+01
1.259236e+00 1.481175e+01
8.693784e+00 9.888811e+00
-1.623744e+01 6.550015e+00
-1.511497e+01 7.752346e+00
8.180456e+00 9.850608e+00
7.613498e+00 9.819589e+00
7.640326e+00 9.481568e+00
8.483219e+00 1.022952e+01
3.418473e-02 1.479336e+01
8.356399e+00 1.027397e+01
6.469544e+00 8.869324e+00
9.651534e+00 1.008892e+01
7.840403e+00 1.120999e+01
7.025666e+00 1.029573e+01
7.743513e+00 9.338962e+00
7.203424e+00 9.569708e+00
7.362898e+00 9.641243e+00
-1.381885e+00 1.488069e+01
6.923291e+00 1.103300e+01
8.796873e+00 1.007964e+01
-2.582943e-01 1.493384e+01
8.422893e+00 9.973898e+00
7.917576e+00 8.222266e+00
7.267006e+00 1.028354e+01
7.233906e+00 1.071755e+01
9.043360e+00 1.016480e+01
8.441150e+00 1.000854e+01
6.985295e+00 9.011353e+00
8.367737e+00 9.706926e+00
8.739757e+00 1.051847e+01
8.556547e+00 1.039855e+01
7.418685e+00 9.697201e+00
8.431591e+00 9.838545e+00
-3.188173e+00 1.484151e+01
9.147526e+00 9.905820e+00
7.021762e+00 8.247703e+00
8.443675e+00 9.785112e+00
7.584457e+00 9.762291e+00
-7.304452e-01 1.504432e+01
7.708334e+00 9.711215e+00
6.759154e+00 1.022009e+01
1.632555e-01 1.506619e+01
8.250415e+00 1.095036e+01
8.012013e+00 9.738350e+00
-1.456675e+01 7.941331e+00
8.889156e+00 9.953799e+00
1.078824e-01 1.516411e+01
8.671696e+00 1.026682e+01
7.317517e+00 1.056376e+01
-1.364178e+01 1.012623e+01
8.225155e+00 9.587840e+00
8.916164e+00 1.099108e+01
7.117959e+00 9.687488e+00
7.864050e+00 1.115503e+01
-1.359276e+01 9.806920e+00
7.498608e+00 9.019593e+00
8.778482e+00 9.265262e+00
8.378500e+00 1.139205e+01
7.686002e+00 1.010076e+01
8.467283e+00 1.007350e+01
9.153549e+00 9.866122e+00
8.237012e+00 1.116249e+01
9.243507e+00 1.020560e+01
-1.413144e+01 8.935507e+00
7.665987e+00 9.546274e+00
8.031849e+00 1.036769e+01
-1.608047e+01 7.240742e+00
8.054747e+00 9.849814e+00
8.337943e+00 1.015971e+01
7.765195e+00 1.107042e+01
7.315479e+00 8.854256e+00
-1.552156e+01 7.766189e+00
-4.111519e-01 1.511022e+01
8.727910e+00 1.014055e+01
7.361749e+00 1.023967e+01
8.021065e+00 8.438897e+00
8.466847e+00 1.069978e+01
6.770295e+00 9.644778e+00
7.897873e+00 1.047624e+01
-1.504044e+01 8.504425e+00
8.134064e+00 1.039555e+01
9.095391e+00 1.012611e+01
8.729632e+00 1.118824e+01
7.810273e+00 1.011383e+01
7.617084e+00 9.778785e+00
7.383472e+00 9.893460e+00
7.170817e+00 8.919201e+00
-1.607658e+01 6.552625e+00
-4.011985e-01 1.508108e+01
8.233389e+00 1.005163e+01
6.661935e+00 9.780345e+00
8.710357e+00 1.029211e+01
8.122376e+00 1.050163e+01
6.960217e+00 9.023037e+00
8.917104e+00 1.009987e+01
7.403866e+00 8.763860e+00
8.265726e+00 9.362754e+00
1.561886e+00 1.500698e+01
9.016232e+00 8.921942e+00
8.135446e+00 9.766513e+00
7.637182e+00 1.080596e+01
-4.162476e-01 1.491551e+01
9.354468e+00 9.981175e+00
6.956430e+00 1.004493e+01
7.429082e+00 9.887316e+00
8.664511e+00 9.713673e+00
8.154420e+00 1.059359e+01
7.258416e+00 9.655990e+00
8.246503e+00 1.000932e+01
8.445857e+00 9.629524e+00
-1.289967e+01 9.900105e+00
8.385140e+00 1.115896e+01
8.139687e+00 9.645187e+00
7.805813e+00 1.017250e+01
7.195415e+00 9.955907e+00
-1.498299e+00 1.505578e+01
8.384414e+00 9.104965e+00
7.420477e+00 9.874975e+00
8.696021e+00 1.042920e+01
8.679347e+00 1.066657e+01
8.855323e+00 9.363998e+00
-1.525176e+01 8.215524e+00
7.846073e+00 9.396709e+00
8.876932e+00 9.143481e+00
8.204161e+00 9.315111e+00
6.978102e+00 9.456613e+00
-1.374737e+00 1.519537e+01
7.073426e+00 1.148396e+01
9.056931e+00 1.004476e+01
8.047988e+00 1.071409e+01
8.340524e+00 9.764411e+00
9.403693e+00 1.041247e+01
7.312043e-01 1.495572e+01
8.268565e+00 8.826693e+00
8.407554e+00 1.016626e+01
7.892646e+00 1.003051e+01
7.594989e+00 9.932316e+00
8.636484e+00 1.102200e+01
7.299183e+00 8.870842e+00
6.823320e+00 1.028972e+01
6.316765e+00 9.780791e+00
7.339263e+00 9.541850e+00
7.917363e+00 8.751237e+00
7.983412e+00 1.049629e+01
8.889759e+00 1.026405e+01
7.610504e+00 9.327789e+00
8.146752e+00 1.039444e+01
8.081983e+00 9.441831e+00
8.862671e+00 9.518142e+00
-1.669252e+01 6.508640e+00
8.799152e+00 1.006013e+01
7.300775e+00 1.113924e+01
8.341445e+00 9.192948e+00
-1.359423e+01 8.853962e+00
8.918128e+00 9.236713e+00
-5.340516e-01 1.491926e+01
7.636008e+00 9.111685e+00
7.770437e+00 9.698361e+00
-8.349175e-01 1.490031e+01
8.178752e+00 8.773102e+00
7.153290e+00 1.044646e+01
8.909168e+00 1.092397e+01
7.344429e+00 8.510117e+00
7.532665e+00 9.653696e+00
8.030086e+00 9.528046e+00
7.781718e+00 9.002908e+00
7.998737e+00 8.661959e+00
6.986057e+00 9.866658e+00
-6.810533e-01 1.488756e+01
7.716790e+00 9.133567e+00
8.844393e+00 1.050003e+01
7.808742e+00 9.865350e+00
7.522413e+00 1.076594e+01
9.399108e+00 8.972654e+00
9.149477e+00 1.027953e+01
-1.362106e+01 8.843693e+00
-1.494505e+01 8.159591e+00
7.689048e+00 8.954366e+00
7.926276e+00 1.149354e+01
7.511143e+00 1.001893e+01
-1.231009e+00 1.493446e+01
7.729277e+00 1.074810e+01
7.843106e+00 1.156436e+01
6.981024e-01 1.492018e+01
1.491551e+00 1.499751e+01
9.238922e+00 1.006889e+01
8.563041e+00 1.000923e+01
1.518974e-01 1.505480e+01
8.257108e+00 1.006979e+01
7.912678e+00 9.326731e+00
7.809839e+00 1.008635e+01
-1.462275e+01 7.867920e+00
8.364873e+00 9.852753e+00
8.305200e+00 1.066557e+01
8.108906e+00 9.505623e+00
8.718417e+00 1.167989e+01
7.991789e+00 1.017351e+01
8.184981e+00 9.660288e+00
7.979438e+00 9.463732e+00
7.614281e+00 1.049697e+01
2.758497e+00 1.488170e+01
6.372467e+00 9.053809e+00
7.247292e+00 9.134573e+00
7.238249e+00 9.691715e+00
7.133153e+00 1.029462e+01
8.042258e+00 8.980110e+00
-1.611038e+01 7.144067e+00
-1.615993e+01 7.523670e+00
8.240995e+00 1.105767e+01
-1.485934e+01 8.117178e+00
7.879133e+00 9.858105e+00
8.534881e+00 1.119216e+01
8.089633e+00 1.073847e+01
7.839097e+00 9.520143e+00
7.182370e+00 8.585972e+00
-1.506500e+01 7.496630e+00
8.289397e+00 9.144953e+00
8.505572e+00 9.517156e+00
6.866555e+00 9.580628e+00
8.298588e+00 1.139726e+01
8.329599e+00 1.080897e+01
8.244789e+00 1.005894e+01
-1.352376e+01 9.690321e+00
8.580293e+00 1.064167e+01
7.574863e+00 8.521029e+00
7.836262e+00 1.035302e+01
-4.518992e+00 1.496292e+01
7.349340e+00 8.993176e+00
8.204235e+00 1.040166e+01
-1.481771e+01 8.522914e+00
7.538613e+00 8.120965e+00
8.232862e+00 9.417250e+00
1.576183e+00 1.513650e+01
8.142783e+00 1.041966e+01
8.651198e+00 9.467387e+00
6.634008e+00 1.059638e+01
7.155133e+00 1.021682e+01
8.490212e+00 1.029668e+01
7.692119e+00 1.071655e+01
7.573976e+00 9.951076e+00
2.411605e+00 1.502367e+01
-1.312732e+00 1.491197e+01
-1.486825e+01 8.144855e+00
8.423502e+00 9.493185e+00
-1.419842e+01 8.821919e+00
-4.989928e-01 1.503562e+01
7.590758e+00 1.094917e+01
7.785085e+00 1.038320e+01
8.001135e+00 1.124385e+01
7.638003e+00 9.515382e+00
7.555588e+00 9.996359e+00
7.269157e+00 1.068805e+01
7.472370e+00 1.134554e+01
8.744919e+00 1.068972e+01
8.007945e+00 9.774467e+00
-1.466515e+01 7.945757e+00
8.755855e+00 9.245915e+00
-1.328979e+01 9.398942e+00
9.057036e+00 9.875170e+00
7.470899e+00 1.014712e+01
8.132514e+00 1.186067e+01
8.844669e+00 9.286261e+00
-1.437066e+00 1.501429e+01
7.692495e+00 1.024146e+01
7.921199e+00 9.957473e+00
-1.324681e+01 9.969527e+00
6.803925e+00 9.402195e+00
8.762564e+00 9.461333e+00
8.060047e+00 1.065425e+01
7.358094e+00 1.057155e+01
7.918782e+00 1.071138e+01
8.653425e+00 9.416338e+00
8.358856e+00 9.632150e+00
7.276503e+00 1.029275e+01
6.426736e-01 1.501097e+01
8.590999e+00 9.251725e+00
1.663684e+00 1.490107e+01
6.660905e+00 1.029192e+01
8.716655e+00 9.835586e+00
8.240970e+00 1.065134e+01
9.642007e+00 1.017180e+01
7.870168e+00 1.111794e+01
1.765216e+00 1.492919e+01
6.907965e+00 8.904196e+00
2.937993e+00 1.489732e+01
7.758897e+00 1.173571e+01
3.135684e+00 1.494602e+01
7.602125e+00 9.556310e+00
9.500936e+00 9.991799e+00
7.725451e+00 9.631808e+00
-1.628808e+01 6.757091e+00
7.364017e+00 9.968139e+00
-1.739471e+00 1.521253e+01
7.774615e+00 1.068812e+01
-2.562373e-01 1.502906e+01
8.139714e+00 1.017505e+01
6.882798e+00 1.001307e+01
6.751655e-01 1.508429e+01
8.118340e+00 9.107754e+00
1.174049e+00 1.505003e+01
-2.839972e+00 1.480106e+01
8.795380e+00 9.182538e+00
7.795337e+00 1.008076e+01
-2.858062e+00 1.515644e+01
-1.402478e+01 9.120153e+00
7.757716e+00 1.037224e+01
8.042365e+00 9.143940e+00
-1.488843e+01 7.936487e+00
-1.624822e+01 6.454713e+00
7.516084e-01 1.505226e+01
7.490046e+00 9.465617e+00
9.445665e+00 1.008108e+01
7.577714e+00 1.112406e+01
-1.637445e+01 6.694938e+00
-1.638030e+01 6.062613e+00
-1.570122e+01 7.526958e+00
8.685419e+00 1.006998e+01
7.709464e+00 9.597984e+00
-1.550803e+01 7.950890e+00
8.964518e+00 9.804127e+00
7.178117e+00 8.761763e+00
8.789750e+00 9.625722e+00
-1.487359e+01 7.834849e+00
9.317942e+00 9.716718e+00
-4.394181e-01 1.504219e+01
7.545693e+00 1.006321e+01
8.384978e+00 1.093992e+01
8.781375e+00 1.143285e+01
-3.841475e+00 1.496581e+01
9.082221e+00 1.045282e+01
8.758424e+00 1.079536e+01
-1.595536e+01 7.365574e+00
8.236695e+00 1.076490e+01
7.228200e+00 1.071329e+01
7.134309e+00 9.917457e+00
7.138545e+00 9.942341e+00
8.429383e+00 9.884193e+00
7.489848e+00 9.943464e+00
8.996174e+00 1.085921e+01
-3.007369e+00 1.516183e+01
6.751684e+00 9.529181e+00
-6.144822e-01 1.514513e+01
8.332054e+00 9.863737e+00
7.967527e+00 1.161040e+01
8.942705e+00 8.799512e+00
7.845875e+00 1.013769e+01
7.450184e+00 8.811921e+00
8.806015e+00 9.785987e+00
7.525168e+00 1.183172e+01
2.078918e+00 1.500633e+01
7.183791e+00 1.047206e+01
9.346821e+00 1.085461e+01
9.135899e+00 9.054820e+00
7.888678e+00 9.729140e+00
8.254710e+00 9.750111e+00
8.152317e+00 9.277508e+00
8.570683e+00 8.139349e+00
8.452939e+00 1.035614e+01
8.752651e-01 1.481597e+01
8.479336e+00 1.058099e+01
9.244200e+00 1.020028e+01
7.452375e+00 1.090790e+01
8.246427e+00 9.858469e+00
-3.415902e+00 1.493591e+01
7.785062e+00 9.853220e+00
7.957148e+00 1.070836e+01
-8.345474e-01 1.478959e+01
8.955892e+00 9.897883e+00
-1.462995e+00 1.487949e+01
-2.535940e+00 1.497228e+01
7.363258e+00 1.032567e+01
7.693244e+00 1.014750e+01
7.764521e+00 9.931129e+00
2.044075e-01 1.499431e+01
7.443579e+00 1.020837e+01
8.548997e+00 9.697705e+00
6.616603e+00 9.874461e+00
8.414803e+00 9.929353e+00
6.480165e+00 1.013239e+01
8.326566e+00 9.158616e+00
7.566496e+00 1.005877e+01
8.851095e+00 1.101015e+01
8.042360e+00 9.643975e+00
8.546833e+00 1.004632e+01
8.260718e+00 1.087641e+01
7.401114e+00 1.013811e+01
7.436214e+00 8.577338e+00
7.408928e+00 9.032308e+00
7.926725e+00 1.039455e+01
8.205614e+00 1.079216e+01
8.014526e+00 9.040543e+00
2.055733e+00 1.493670e+01
8.689060e+00 1.050138e+01
7.718537e+00 9.276442e+00
-1.622166e+01 6.578456e+00
-1.399483e+01 9.121173e+00
8.367373e+00 8.849100e+00
8.717785e+00 1.025317e+01
8.671210e+00 9.990565e+00
7.907819e+00 1.003210e+01
8.111732e+00 1.119008e+01
8.568306e+00 1.113708e+01
1.660450e+00 1.488979e+01
7.713068e+00 8.976534e+00
8.652572e+00 1.019696e+01
6.678666e+00 8.883190e+00
8.757381e+00 1.100951e+01
-1.632289e+01 6.673097e+00
7.050742e+00 8.516049e+00
8.910787e+00 1.008117e+01
-1.889952e+00 1.496694e+01
3.626829e+00 1.509579e+01
7.324729e+00 9.446337e+00
8.938420e+00 9.996615e+00
1.559849e+00 1.477423e+01
8.184432e+00 9.661700e+00
7.889312e+00 9.588914e+00
8.787942e+00 1.021856e+01
6.610214e+00 9.672518e+00
7.993238e+00 9.641962e+00
8.283185e+00 9.330233e+00
8.172781e+00 9.860641e+00
-1.694034e+01 5.407645e+00
7.851856e+00 1.115907e+01
8.629721e+00 1.044458e+01
-1.418768e+01 9.271624e+00
7.826278e+00 9.977649e+00
7.457274e+00 1.117349e+01
8.192345e+00 9.234789e+00
8.649930e+00 9.432886e+00
-1.577547e+01 7.265409e+00
-1.656927e+01 7.058507e+00
8.790607e+00 1.136892e+01
-1.542420e+01 8.171836e+00
6.407699e+00 9.009557e+00
8.187021e+00 1.081339e+01
8.483718e+00 1.101685e+01
7.577684e+00 9.916498e+00
8.280941e+00 9.809993e+00
-1.325696e+01 9.731473e+00
7.765806e+00 1.027328e+01
-1.483666e+01 8.771325e+00
6.495860e+00 9.245759e+00
7.581117e+00 9.170493e+00
7.742540e+00 1.030147e+01
7.923429e+00 9.217297e+00
7.590917e+00 9.376136e+00
7.725996e+00 9.426163e+00
7.554936e+00 9.209600e+00
7.633742e+00 1.094526e+01
7.404694e+00 1.133309e+01
8.365006e+00 1.022497e+01
8.392006e+00 1.014133e+01
7.998149e+00 9.363837e+00
8.840257e+00 1.005655e+01
9.006887e+00 1.082168e+01
8.036152e+00 9.883279e+00
-1.499590e+01 7.811288e+00
6.605145e+00 1.032256e+01
7.078139e+00 9.869955e+00
6.827604e+00 1.036756e+01
6.926367e+00 1.011045e+01
8.668687e+00 9.187989e+00
-2.202356e+00 1.502875e+01
-2.202276e+00 1.504252e+01
6.921510e+00 9.280737e+00
9.486446e+00 1.064473e+01
8.758409e+00 1.027701e+01
-1.430933e+01 8.305056e+00
7.997330e+00 1.060074e+01
-1.328672e+01 9.126982e+00
7.915837e+00 1.015810e+01
8.238716e+00 9.574276e+00
7.942807e+00 1.070470e+01
7.398755e+00 9.546830e+00
8.226602e+00 1.079459e+01
7.430141e+00 1.041137e+01
8.574307e+00 1.015108e+01
-1.564730e+01 7.036400e+00
-1.468043e+01 7.603521e+00
8.320074e+00 1.143025e+01
7.020928e+00 9.857984e+00
7.689019e+00 9.495192e+00
7.492302e+00 1.103102e+01
8.506673e+00 1.008939e+01
-2.255242e+00 1.507700e+01
-1.730650e+01 5.856311e+00
8.245095e+00 9.943407e+00
7.510382e+00 8.466632e+00
8.265652e+00 1.055900e+01
7.648828e+00 1.029011e+01
7.788597e+00 9.847937e+00
8.698200e+00 1.128889e+01
6.967970e+00 9.359787e+00
9.305560e+00 1.029551e+01
7.987572e+00 9.793875e+00
7.474866e+00 9.834254e+00
1.006025e+01 1.158275e+01
-1.605767e+00 1.518200e+01
8.220227e+00 1.037874e+01
6.998547e+00 8.728121e+00
7.880897e+00 9.728369e+00
7.775469e+00 9.270995e+00
7.321525e+00 9.665089e+00
7.564308e+00 1.017755e+01
1.104750e-01 1.487619e+01
7.478669e+00 1.002224e+01
-1.602700e+01 6.894899e+00
7.261919e+00 1.107834e+01
7.572251e+00 9.599123e+00
6.186690e+00 1.026687e+01
8.059169e+00 8.597603e+00
-1.396571e+01 8.598236e+00
8.284511e+00 9.733972e+00
7.845705e+00 9.170161e+00
9.593390e+00 1.114414e+01
7.588953e+00 1.089973e+01
7.608693e+00 9.323814e+00
-1.357260e+00 1.498036e+01
8.439816e+00 1.031349e+01
7.513996e+00 1.129542e+01
6.685497e+00 9.696090e+00
7.133906e+00 9.370104e+00
-1.815292e+01 5.105119e+00
8.179553e+00 1.028302e+01
7.513530e+00 9.769975e+00
7.277452e+00 1.054327e+01
-2.434136e+00 1.502917e+01
7.136628e+00 1.100424e+01
-1.938387e+00 1.491459e+01
7.385232e+00 9.528617e+00
7.837693e+00 9.730360e+00
7.864233e+00 9.481964e+00
-6.802372e-01 1.502882e+01
7.654553e+00 8.969644e+00
-1.485932e+01 8.103444e+00
7.328122e+00 1.005960e+01
-1.706084e+01 6.180597e+00
8.201690e+00 9.750228e+00
9.302997e-02 1.497177e+01
8.665761e+00 9.567537e+00
8.030517e+00 9.612667e+00
7.585661e+00 1.074555e+01
8.640913e+00 1.020121e+01
7.537121e+00 9.237514e+00
7.997552e+00 9.385678e+00
7.080889e+00 9.246212e+00
-1.539879e+00 1.502511e+01
7.605446e+00 1.060372e+01
6.649405e+00 9.470718e+00
-1.411005e+01 8.673531e+00
8.806567e+00 1.055930e+01
7.838571e+00 9.984729e+00
8.775276e+00 9.343816e+00
-1.478764e+00 1.496213e+01
7.691651e+00 9.253557e+00
7.985600e+00 9.098056e+00
7.231092e+00 8.183603e+00
7.850991e+00 9.982459e+00
-8.231309e-01 1.492405e+01
8.296052e+00 1.124902e+01
9.051641e+00 1.116416e+01
7.194372e+00 9.819753e+00
8.350825e+00 1.082609e+01
8.026294e+00 9.965941e+00
8.512938e+00 1.035363e+01
-1.516796e+01 7.427987e+00
3.246317e+00 1.505576e+01
9.173356e+00 1.020244e+01
7.334823e+00 1.019361e+01
8.168919e+00 1.001544e+01
8.905066e+00 1.139111e+01
5.518167e-01 1.507392e+01
8.783530e+00 1.069998e+01
7.980650e+00 8.760304e+00
7.737429e+00 1.011780e+01
-2.086324e+00 1.501243e+01
9.078322e+00 9.304497e+00
7.647018e+00 1.049172e+01
8.170285e+00 1.122669e+01
-1.769225e+01 5.899643e+00
-1.540115e+01 7.369916e+00
8.199148e+00 9.857668e+00
-1.643622e+01 6.593458e+00
8.502284e+00 1.006411e+01
-1.143380e+01 1.148174e+01
8.397043e+00 1.027536e+01
-1.750126e+01 5.312792e+00
3.079757e+00 1.505440e+01
8.418331e+00 1.070211e+01
7.852091e+00 1.029598e+01
7.471249e+00 9.564176e+00
8.834712e+00 1.031007e+01
7.042228e+00 9.423014e+00
9.341096e+00 1.061259e+01
-2.849503e-01 1.492647e+01
7.791379e+00 1.068868e+01
7.143483e+00 9.509096e+00
8.649298e+00 1.086523e+01
-1.419629e+01 8.697078e+00
7.952345e+00 1.051823e+01
8.486750e+00 9.620668e+00
7.145911e+00 9.906023e+00
-1.303159e+01 9.787320e+00
8.143055e+00 1.069992e+01
8.467898e+00 9.010205e+00
8.128537e+00 1.078229e+01
7.290451e+00 1.152886e+01
-1.591170e+01 7.745243e+00
6.892807e+00 1.042212e+01
1.217162e+00 1.488752e+01
7.695057e+00 1.031601e+01
7.814902e+00 9.225254e+00
8.350738e+00 9.273829e+00
7.341205e+00 1.008572e+01
7.303205e+00 8.336920e+00
8.547610e+00 1.112178e+01
2.339143e-02 1.492614e+01
8.555916e+00 1.047246e+01
7.211814e+00 9.438695e+00
-5.295538e-01 1.495148e+01
7.340165e+00 1.001679e+01
8.150281e+00 1.031866e+01
6.412038e+00 9.841959e+00
7.697373e+00 9.952488e+00
7.114521e+00 1.014862e+01
8.082186e+00 9.212906e+00
7.989522e+00 9.517117e+00
8.241061e+00 9.996192e+00
7.835188e+00 1.084394e+01
7.637861e+00 1.016102e+01
9.104548e+00 9.667799e+00
8.277724e+00 1.056706e+01
8.200962e+00 9.548097e+00
8.810789e+00 1.069534e+01
6.920475e+00 1.010811e+01
7.972922e+00 1.026887e+01
8.996974e+00 9.606966e+00
9.075708e+00 9.204721e+00
8.284655e+00 1.073054e+01
7.196466e+00 9.839522e+00
1.688215e+00 1.493986e+01
-1.419644e+01 8.493378e+00
9.209901e+00 8.915942e+00
8.037668e+00 1.020823e+01
7.511632e+00 8.824556e+00
8.760590e+00 1.050529e+01
8.196916e+00 9.109357e+00
-2.509292e+00 1.495267e+01
7.173014e+00 1.118081e+01
8.187250e+00 9.512081e+00
8.063327e+00 1.026572e+01
7.347967e+00 9.543290e+00
8.094672e+00 1.091463e+01
7.387707e+00 9.447291e+00
-1.374272e+01 9.483970e+00
8.315176e+00 1.021832e+01
-1.683646e+01 5.532930e+00
7.196996e+00 9.251340e+00
8.045344e+00 1.111817e+01
8.372235e+00 1.079381e+01
2.997040e+00 1.495880e+01
7.996877e+00 1.032016e+01
8.670468e+00 1.024472e+01
9.268416e+00 1.037426e+01
6.998466e+00 1.143070e+01
5.907500e+00 9.700053e+00
8.097935e+00 9.152117e+00
6.506749e+00 8.794630e+00
-1.479114e+00 1.494047e+01
8.139222e+00 9.836717e+00
-1.465405e+01 8.529073e+00
-1.710775e+01 6.064637e+00
8.589726e+00 1.021151e+01
-1.607222e+01 7.314975e+00
7.400928e+00 1.117314e+01
-1.498681e+01 8.019556e+00
3.627806e+00 1.476169e+01
7.693050e+00 1.006880e+01
8.781276e+00 1.101048e+01
9.070707e+00 1.100202e+01
8.228456e+00 1.042361e+01
3.537742e+00 1.496672e+01
7.249092e+00 9.689087e+00
-3.372026e+00 1.507308e+01
-1.672721e+01 6.213426e+00
2.444915e+00 1.486085e+01
7.960618e+00 1.130497e+01
8.547539e+00 8.938684e+00
7.851108e+00 9.125427e+00
-1.397197e+01 8.831870e+00
7.454473e+00 1.000733e+01
7.016081e+00 8.913069e+00
7.691089e+00 9.373018e+00
7.765388e+00 9.452670e+00
-1.450245e+01 8.368787e+00
6.770013e+00 9.245214e+00
7.234831e+00 9.659413e+00
7.529068e+00 9.844842e+00
6.548920e+00 9.386940e+00
8.368694e+00 9.524944e+00
8.049081e+00 1.052657e+01
7.284945e+00 8.985888e+00
8.267590e+00 9.843092e+00
8.354750e+00 1.052121e+01
7.771260e+00 1.060965e+01
7.535210e+00 9.676014e+00
-7.495061e-01 1.482064e+01
8.831918e+00 1.064452e+01
8.597691e+00 1.006574e+01
7.080643e+00 1.047007e+01
-1.463928e+01 8.075418e+00
7.567769e+00 8.961120e+00
2.573631e+00 1.489651e+01
7.137179e+00 1.071487e+01
7.595522e+00 9.138858e+00
6.701882e+00 1.013310e+01
8.788686e+00 1.044809e+01
7.939219e+00 1.042391e+01
8.843630e+00 1.046902e+01
8.419983e+00 1.068156e+01
6.732577e+00 1.107732e+01
7.852495e+00 1.033864e+01
8.663241e+00 9.222945e+00
8.383226e+00 1.083604e+01
8.151998e+00 9.848356e+00
7.723414e+00 1.047614e+01
8.651475e+00 1.115221e+01
8.171709e+00 9.461607e+00
8.096782e+00 1.008801e+01
7.837922e+00 1.027542e+01
8.742651e+00 9.869162e+00
8.341643e+00 1.001465e+01
6.759704e+00 9.039828e+00
9.325732e+00 1.034680e+01
8.139612e+00 9.756077e+00
7.480039e+00 8.896128e+00
7.660472e+00 9.212472e+00
8.365552e+00 1.175057e+01
9.265529e+00 1.056399e+01
7.624873e+00 1.088494e+01
7.610934e+00 1.072104e+01
7.611457e+00 1.228830e+01
-1.443237e+01 8.593212e+00
-1.402932e+01 8.877289e+00
8.831705e+00 1.054125e+01
8.325675e+00 1.016479e+01
7.529443e+00 1.108307e+01
-1.844604e+00 1.526672e+01
-1.678842e+00 1.499090e+01
7.093279e+00 1.118242e+01
8.740206e+00 1.055340e+01
8.298952e+00 1.108138e+01
-1.650462e+01 7.059070e+00
7.480921e+00 9.994671e+00
1.457865e+00 1.502510e+01
-1.595138e+01 6.347393e+00
8.762066e+00 8.612775e+00
7.405902e+00 1.002936e+01
6.904756e+00 9.238916e+00
8.671472e+00 1.001231e+01
8.391719e+00 1.123944e+01
7.647639e+00 9.078547e+00
8.401739e+00 1.003975e+01
7.148982e+00 9.539079e+00
8.250180e+00 1.049216e+01
7.730992e+00 1.055170e+01
7.895085e+00 9.681318e+00
-1.374336e+01 9.471044e+00
7.490399e+00 1.017399e+01
7.687526e+00 8.971236e+00
9.348987e+00 1.108412e+01
7.989227e+00 9.159725e+00
8.106214e+00 1.079432e+01
8.415015e+00 9.614033e+00
8.852203e+00 1.093650e+01
8.323051e+00 1.008518e+01
6.836294e+00 1.078576e+01
8.909621e+00 1.077800e+01
-1.592250e+01 7.322775e+00
9.036503e+00 9.400163e+00
8.436356e+00 1.099726e+01
-1.407711e-02 1.494980e+01
8.658586e+00 9.194981e+00
7.864451e+00 1.036215e+01
7.101357e+00 8.475655e+00
6.095546e+00 9.615865e+00
7.722105e+00 1.032933e+01
-2.048338e+00 1.495671e+01
8.219752e+00 9.626022e+00
5.681842e-01 1.508617e+01
8.844676e+00 9.682137e+00
7.057679e+00 9.155606e+00
6.627933e+00 9.262663e+00
7.742530e+00 1.031777e+01
9.699037e+00 1.155904e+01
7.755694e+00 9.079742e+00
7.897222e+00 1.024585e+01
8.237174e+00 9.661654e+00
8.408977e+00 1.043906e+01
-1.418665e+01 8.859407e+00
-1.455496e+01 8.405025e+00
8.152302e+00 1.066197e+01
-1.190538e+01 1.033960e+01
7.750912e+00 1.026693e+01
8.623918e-01 1.491823e+01
8.342910e+00 9.812507e+00
6.874397e+00 1.156662e+01
7.886642e+00 9.388595e+00
8.300638e+00 1.019020e+01
-1.541119e+01 7.202404e+00
7.364675e-01 1.510375e+01
-2.164097e+00 1.494786e+01
8.554128e+00 1.038457e+01
8.945220e+00 1.164705e+01
7.818270e+00 9.620568e+00
6.738468e+00 9.438350e+00
8.360014e+00 1.089893e+01
-1.531727e+01 7.787457e+00
-1.440474e+00 1.497863e+01
7.868296e+00 1.105298e+01
-1.579931e+01 7.942107e+00
8.199312e+00 9.077433e+00
8.074345e+00 1.161618e+01
8.433743e+00 1.059228e+01
7.354063e+00 1.032935e+01
1.321546e+00 1.500998e+01
8.447559e+00 9.068410e+00
-1.380939e+00 1.487783e+01
-2.057572e+00 1.514091e+01
2.263535e+00 1.517615e+01
7.489844e+00 9.996582e+00
8.028494e+00 1.072785e+01
8.131344e+00 9.705224e+00
7.450944e+00 1.043117e+01
8.300926e+00 1.023637e+01
8.926487e+00 1.082303e+01
7.551406e+00 9.794770e+00
7.805472e+00 9.135598e+00
8.656033e-01 1.514506e+01
8.782346e+00 1.044127e+01
8.764951e+00 1.044488e+01
8.703761e+00 9.788521e+00
-1.568492e+01 7.045692e+00
7.235870e-01 1.496203e+01
-1.458102e+01 7.978501e+00
8.214329e+00 1.128289e+01
-1.671154e+01 6.014131e+00
7.765980e+00 1.003835e+01
6.441282e+00 9.037636e+00
7.228770e+00 9.403314e+00
8.016611e+00 1.029703e+01
-1.289316e+01 9.391386e+00
8.448299e+00 9.849135e+00
8.348042e+00 9.428408e+00
3.079930e+00 1.506718e+01
8.452338e+00 1.059283e+01
7.713696e+00 1.029895e+01
7.351066e+00 1.027616e+01
7.550531e+00 9.545496e+00
7.133821e+00 8.619542e+00
8.015924e+00 9.680493e+00
7.539144e+00 9.449328e+00
-1.567359e+01 7.136126e+00
7.555113e+00 9.474172e+00
8.093265e+00 1.020271e+01
7.322324e+00 1.053390e+01
8.775951e+00 1.045393e+01
6.691520e+00 9.730592e+00
-1.017287e+00 1.501637e+01
-1.548660e+01 8.110588e+00
-1.197538e+01 1.144649e+01
8.040593e+00 1.020095e+01
6.970928e+00 8.740492e+00
-1.339221e+01 9.809422e+00
8.784871e+00 9.645578e+00
7.016014e+00 1.003630e+01
7.791311e+00 1.146568e+01
8.128212e+00 9.979503e+00
7.394922e+00 1.008577e+01
9.614287e+00 1.099310e+01
6.758910e+00 9.721561e+00
8.637431e+00 1.102584e+01
8.230495e+00 1.063510e+01
-3.389160e-01 1.507136e+01
8.666973e+00 9.019183e+00
-6.532887e-01 1.504648e+01
7.929004e+00 9.889104e+00
7.843630e+00 9.907193e+00
8.705883e+00 9.599648e+00
7.189830e+00 8.984012e+00
9.321324e+00 1.105342e+01
6.709849e+00 1.041896e+01
7.652224e+00 1.005523e+01
7.728591e+00 1.081380e+01
8.577757e+00 1.108669e+01
6.550125e+00 1.038810e+01
-1.368715e+01 9.680805e+00
7.990229e+00 1.060330e+01
8.479372e+00 9.671054e+00
6.589666e+00 8.608694e+00
8.621048e+00 1.084326e+01
6.613786e+00 1.058711e+01
8.689253e+00 1.032563e+01
7.341756e+00 1.036859e+01
-1.678492e+01 5.597830e+00
-1.685634e+01 6.090902e+00
9.362138e+00 1.149070e+01
8.936861e+00 1.017705e+01
7.718034e+00 9.868660e+00
7.560462e+00 1.076305e+01
7.928607e+00 1.047335e+01
7.927163e+00 1.047485e+01
8.281036e+00 9.623492e+00
9.072068e+00 1.060763e+01
8.855757e+00 8.255627e+00
7.968347e+00 1.001158e+01
7.933042e+00 9.427415e+00
-1.376020e+01 8.884577e+00
7.362586e+00 1.073891e+01
8.960008e+00 1.058176e+01
-1.362149e+01 9.722699e+00
1.373465e+00 1.508793e+01
7.785060e+00 1.024004e+01
8.865309e+00 9.737572e+00
7.624467e+00 9.360174e+00
7.345222e+00 9.341394e+00
8.606202e+00 1.055410e+01
7.868375e+00 1.035907e+01
6.804799e+00 9.375478e+00
8.287878e+00 8.637231e+00
8.140334e+00 1.149899e+01
7.956202e+00 1.015030e+01
9.015995e+00 1.093989e+01
1.040988e+01 1.023275e+01
7.515954e+00 1.082709e+01
-1.454804e+01 8.901792e+00
7.863423e+00 1.030794e+01
7.185231e+00 9.262367e+00
-1.621529e-01 1.489789e+01
8.052338e+00 1.020205e+01
7.203273e+00 8.812928e+00
5.854705e-01 1.487336e+01
8.006206e+00 1.089228e+01
8.507319e+00 1.041142e+01
8.487990e+00 1.130683e+01
1.843136e+00 1.510390e+01
8.341623e+00 9.769887e+00
-1.504402e+01 8.552744e+00
7.848898e+00 9.984873e+00
8.064618e+00 1.050669e+01
8.526482e+00 9.846513e+00
9.236037e+00 1.013817e+01
8.067202e+00 8.699035e+00
8.373260e+00 1.127069e+01
7.933916e+00 1.008793e+01
1.796721e+00 1.499764e+01
8.722454e+00 9.622370e+00
6.283042e+00 9.821519e+00
6.540534e+00 1.042933e+01
7.549466e+00 9.949286e+00
-1.346359e+01 1.006014e+01
-1.484518e+01 8.198075e+00
8.853257e+00 1.120372e+01
9.084471e+00 9.840819e+00
3.322704e-01 1.488411e+01
7.771569e+00 9.180674e+00
8.150055e+00 1.025156e+01
8.252289e+00 1.139852e+01
7.245444e+00 9.932056e+00
1.777873e+00 1.503229e+01
8.834959e+00 9.977879e+00
7.009729e+00 9.858460e+00
8.417044e+00 9.838231e+00
-2.586901e+00 1.497511e+01
9.589707e+00 1.015596e+01
-1.698363e+01 5.797196e+00
7.440267e+00 9.819414e+00
8.066055e+00 1.084845e+01
8.113131e+00 9.465249e+00
8.229525e+00 9.586742e+00
7.009893e+00 1.026723e+01
7.527523e+00 1.077790e+01
8.013391e+00 9.029417e+00
7.607773e+00 9.956166e+00
7.953377e+00 1.068773e+01
8.057940e+00 1.044730e+01
8.247142e+00 1.039630e+01
8.816466e+00 1.001221e+01
-2.989453e-01 1.496021e+01
8.307397e+00 9.921287e+00
7.839569e+00 8.949579e+00
5.268682e-01 1.506700e+01
8.738033e+00 9.627387e+00
8.666587e+00 1.104697e+01
7.873656e+00 9.809804e+00
6.914910e+00 9.134455e+00
-1.693622e+00 1.493949e+01
7.935326e+00 1.022479e+01
7.276422e+00 1.040571e+01
-1.424831e+01 8.670331e+00
-1.364184e+01 8.800261e+00
8.724162e+00 1.074147e+01
7.438158e+00 9.668336e+00
-1.478182e+01 8.100415e+00
8.354180e+00 1.054976e+01
8.340403e+00 1.017876e+01
8.062992e+00 1.086166e+01
8.011248e+00 1.032587e+01
8.424393e+00 9.435952e+00
6.122411e+00 9.983174e+00
7.091906e+00 9.877074e+00
9.266674e+00 1.113269e+01
8.588127e+00 9.847096e+00
-2.031111e+00 1.493131e+01
-1.783384e+01 5.816709e+00
8.679159e+00 9.832301e+00
7.521089e+00 1.092647e+01
7.962459e+00 1.201154e+01
1.692067e+00 1.490910e+01
8.824050e+00 9.609321e+00
8.453112e+00 1.081673e+01
-1.645150e+01 6.565024e+00
8.847885e+00 9.854366e+00
7.836875e+00 8.334617e+00
7.616580e+00 9.606154e+00
7.935716e+00 8.886764e+00
8.537413e+00 9.473933e+00
7.749390e+00 9.098831e+00
8.464418e+00 9.897063e+00
1.384715e+00 1.493546e+01
7.173117e+00 1.052472e+01
9.584828e+00 1.100774e+01
7.686976e+00 1.018147e+01
8.281025e+00 1.013122e+01
8.454770e+00 9.572286e+00
7.740012e+00 1.166892e+01
8.821526e+00 1.018348e+01
7.873067e+00 1.077988e+01
6.812913e+00 9.125743e+00
-1.294574e+01 1.050852e+01
5.796285e+00 9.460675e+00
8.175607e+00 9.752588e+00
9.210135e+00 1.025820e+01
7.107036e+00 1.018776e+01
8.368486e+00 1.009257e+01
8.194636e+00 9.639096e+00
7.887127e+00 1.024167e+01
7.577927e+00 1.072090e+01
8.394756e+00 9.585346e+00
7.768544e+00 1.037073e+01
7.852384e+00 8.195916e+00
-4.194401e-01 1.504682e+01
1.433616e-01 1.494738e+01
8.472828e+00 9.278544e+00
8.496150e+00 9.664861e+00
7.373692e+00 9.011979e+00
7.579716e+00 1.016692e+01
7.433760e+00 1.052287e+01
7.590219e+00 9.368543e+00
5.498424e-01 1.510306e+01
-1.100944e+00 1.505589e+01
6.209740e+00 9.119025e+00
8.940048e+00 1.014425e+01
9.728427e+00 9.896219e+00
9.070885e+00 1.021306e+01
8.190097e+00 1.069987e+01
8.063698e+00 1.081309e+01
7.265895e+00 1.012730e+01
7.296187e+00 9.169628e+00
8.157176e+00 1.113663e+01
9.406887e+00 1.060678e+01
-1.517407e+01 7.780289e+00
6.929207e+00 8.731517e+00
8.036876e+00 1.047339e+01
8.112854e+00 1.032171e+01
8.775209e+00 1.008346e+01
8.786996e-01 1.479235e+01
-1.095349e+01 1.206544e+01
9.062092e+00 1.099415e+01
7.457983e+00 1.029699e+01
7.950627e+00 8.848144e+00
-1.089694e+00 1.489774e+01
7.728179e+00 9.680696e+00
9.537589e+00 1.023423e+01
8.208819e+00 1.041890e+01
7.781221e+00 9.231886e+00
8.730717e+00 9.525031e+00
-1.500996e+01 8.497680e+00
7.630642e+00 9.246562e+00
7.633292e+00 9.275851e+00
8.334669e+00 1.044837e+01
-1.669714e+01 6.923131e+00
-1.441810e+01 8.653503e+00
7.720000e+00 1.021467e+01
-1.502732e+01 8.183655e+00
8.937438e+00 1.009858e+01
8.358695e+00 9.808542e+00
8.078626e+00 9.396375e+00
8.465105e+00 1.025387e+01
8.354202e+00 1.013766e+01
8.487349e+00 9.566484e+00
7.896533e+00 1.079298e+01
7.395564e+00 1.018618e+01
7.987488e+00 9.331996e+00
7.573438e+00 1.062026e+01
8.824645e+00 9.826327e+00
7.784198e+00 1.113187e+01
-1.426958e+01 8.950570e+00
8.467975e+00 1.050809e+01
8.254883e+00 9.818275e+00
1.746450e-01 1.502453e+01
7.040298e+00 9.479746e+00
2.126895e-01 1.488453e+01
7.868597e+00 8.902247e+00
8.913558e+00 1.260825e+01
9.657815e+00 1.026521e+01
8.550823e+00 9.909303e+00
7.204355e+00 8.125602e+00
7.763225e+00 9.414409e+00
6.925258e+00 9.962215e+00
7.521717e+00 8.823683e+00
8.209865e+00 9.054055e+00
8.962414e+00 1.041903e+01
7.967659e+00 9.464152e+00
-3.250282e-01 1.520514e+01
8.387218e+00 1.005872e+01
6.830738e+00 9.347827e+00
9.662042e+00 1.057773e+01
8.820306e+00 1.015451e+01
8.332396e+00 9.939579e+00
8.918185e+00 1.113726e+01
8.087138e+00 1.045042e+01
7.738633e+00 1.082062e+01
-1.765208e+01 5.625297e+00
7.725476e+00 9.739681e+00
8.449410e+00 9.915163e+00
7.791112e-01 1.515008e+01
8.941760e+00 1.082791e+01
7.450099e+00 9.017185e+00
9.121897e+00 1.141235e+01
8.229737e+00 9.580024e+00
8.669453e+00 1.035271e+01
-1.554857e+01 6.909508e+00
7.563992e+00 9.507166e+00
7.993724e+00 9.288116e+00
7.298307e+00 1.048598e+01
7.690419e+00 1.058893e+01
9.343193e+00 1.098451e+01
-1.626801e+01 7.269999e+00
8.380146e+00 9.387387e+00
8.146505e+00 1.057133e+01
-3.200791e+00 1.504215e+01
5.345853e-01 1.510266e+01
7.850145e+00 9.988556e+00
6.389147e+00 8.676360e+00
8.464185e+00 9.071843e+00
8.127174e+00 1.005825e+01
8.641272e+00 1.009183e+01
8.917782e+00 1.017759e+01
8.326425e+00 9.679396e+00
-1.541499e+01 7.168139e+00
2.333389e+00 1.500877e+01
7.892824e+00 1.009098e+01
-1.625459e+01 7.390666e+00
6.907758e+00 9.646675e+00
8.384011e+00 9.097808e+00
8.682700e+00 1.036811e+01
7.215329e+00 1.031731e+01
8.798779e+00 1.014379e+01
8.694839e+00 8.918750e+00
-1.262345e+01 1.043142e+01
8.929432e+00 1.041750e+01
8.617344e+00 1.013047e+01
9.322575e+00 9.985900e+00
8.926097e+00 1.141552e+01
7.909328e+00 1.019193e+01
9.022972e+00 1.133577e+01
7.253940e+00 9.970306e+00
7.624248e+00 1.026445e+01
8.651440e+00 9.521362e+00
8.602670e+00 9.956691e+00
9.032509e+00 1.000757e+01
8.661010e+00 1.023021e+01
8.022242e+00 9.528115e+00
7.447487e+00 9.354964e+00
7.371408e+00 8.627277e+00
8.891686e+00 1.166437e+01
6.951582e+00 9.899376e+00
8.356623e+00 9.887040e+00
7.603259e+00 1.007478e+01
-3.213387e-01 1.491717e+01
8.612105e+00 1.002245e+01
7.931660e+00 1.043314e+01
9.320445e+00 1.059760e+01
9.285053e+00 9.679839e+00
8.546311e+00 1.092945e+01
7.751439e+00 9.826043e+00
9.340401e+00 1.003784e+01
2.820799e-02 1.505790e+01
8.158205e+00 1.006923e+01
7.738307e+00 9.641308e+00
8.303365e+00 9.851548e+00
6.558695e+00 9.983308e+00
7.703777e+00 9.217413e+00
6.962661e+00 1.096106e+01
7.441212e+00 1.042774e+01
7.535746e+00 1.052916e+01
-1.581961e+01 7.391484e+00
-4.207834e-01 1.512326e+01
7.158545e+00 1.106985e+01
8.488034e+00 1.020931e+01
7.793760e+00 1.090942e+01
8.620212e+00 9.962291e+00
6.554420e+00 1.016689e+01
7.634602e+00 9.122759e+00
-1.504721e+01 8.196687e+00
7.986643e+00 1.202149e+01
7.612933e+00 1.021338e+01
6.881799e+00 9.501899e+00
1.361702e-01 1.500893e+01
-1.522563e+01 8.282335e+00
7.579078e+00 1.032283e+01
6.707147e+00 9.106948e+00
7.621901e+00 9.845927e+00
8.713985e+00 9.840959e+00
8.814743e+00 9.481060e+00
7.957224e+00 1.016387e+01
7.581577e+00 9.913966e+00
7.902848e+00 9.273359e+00
8.267186e+00 8.909205e+00
-1.387239e+01 8.449813e+00
8.495460e+00 9.354739e+00
-1.381780e+01 8.961928e+00
7.525942e+00 8.902540e+00
9.097185e+00 1.047496e+01
7.270626e+00 9.468329e+00
7.042818e+00 1.004403e+01
-1.727530e+01 5.809887e+00
8.972211e+00 9.332046e+00
8.958335e+00 1.100117e+01
-1.531791e+00 1.498802e+01
8.159342e+00 1.110609e+01
8.397149e+00 1.060321e+01
7.229353e+00 1.026483e+01
8.623264e+00 1.025387e+01
8.028964e+00 9.872798e+00
-1.098571e+00 1.489394e+01
-1.632597e+01 6.025957e+00
7.447645e+00 9.902008e+00
8.029138e+00 9.444153e+00
8.066409e+00 1.154015e+01
8.505288e+00 9.693523e+00
8.047860e+00 1.067912e+01
7.911971e+00 1.042952e+01
6.840579e+00 9.250632e+00
-1.366346e+01 8.882073e+00
8.263622e+00 1.088363e+01
8.676528e+00 9.729619e+00
7.713384e+00 1.038651e+01
9.423707e+00 9.257328e+00
-1.670077e+01 6.680344e+00
7.720233e+00 9.487039e+00
8.819219e+00 1.015230e+01
-1.724955e+01 5.922404e+00
7.562963e+00 1.015054e+01
6.340103e+00 1.001482e+01
7.630735e+00 1.010004e+01
8.227465e+00 1.020641e+01
-1.551857e+01 7.825553e+00
7.547936e+00 1.091182e+01
8.685770e+00 1.022256e+01
7.825406e+00 9.369973e+00
6.664454e+00 9.054278e+00
8.608298e+00 1.003091e+01
7.350120e+00 9.536958e+00
7.792108e+00 9.440731e+00
8.101211e+00 1.064638e+01
-1.503437e+01 7.809284e+00
-3.639987e+00 1.502430e+01
-1.635195e+01 6.850778e+00
8.133946e+00 9.470835e+00
2.287446e-01 1.505083e+01
6.567167e+00 9.831535e+00
7.842189e+00 1.051237e+01
7.996354e+00 1.063546e+01
8.943854e+00 9.810938e+00
8.235052e+00 9.421347e+00
8.730782e+00 1.033338e+01
7.179582e+00 9.646935e+00
7.233261e+00 1.060235e+01
-6.725425e-01 1.496874e+01
8.230298e+00 1.033127e+01
8.239861e+00 9.752726e+00
7.605665e+00 9.830597e+00
6.367383e+00 1.099679e+01
-3.601209e-01 1.496721e+01
6.868493e+00 9.333379e+00
-1.523203e+01 8.158705e+00
9.941850e+00 1.069374e+01
8.717170e+00 1.041020e+01
-1.343523e+01 1.040097e+01
-1.321921e+01 9.805339e+00
7.490063e+00 1.046213e+01
7.071427e+00 9.578558e+00
7.716166e+00 9.268761e+00
-3.126346e+00 1.495571e+01
8.661757e+00 8.866074e+00
8.753846e+00 9.715818e+00
7.713834e+00 1.005212e+01
-1.752297e+01 5.351810e+00
7.302722e+00 1.020293e+01
9.274242e-02 1.520908e+01
8.300901e+00 9.244612e+00
8.395051e-01 1.503712e+01
8.663249e+00 9.057400e+00
8.108764e+00 1.110423e+01
9.145490e+00 1.073070e+01
9.152729e+00 1.146330e+01
8.236419e+00 1.052080e+01
8.244700e+00 9.382723e+00
7.584955e+00 1.067788e+01
6.567969e+00 1.122634e+01
8.461688e+00 1.101223e+01
1.731226e+00 1.499281e+01
7.730988e+00 8.949739e+00
7.311904e+00 9.807346e+00
7.425469e+00 1.000866e+01
9.370064e+00 9.460751e+00
8.717431e+00 1.050058e+01
6.695638e+00 9.238506e+00
-1.399759e+00 1.492374e+01
5.089907e-02 1.512698e+01
6.482892e+00 9.608340e+00
8.178579e+00 1.131425e+01
7.894965e+00 1.069086e+01
7.626793e+00 9.335608e+00
8.033914e+00 1.009224e+01
8.448864e+00 1.055379e+01
7.683688e+00 1.007497e+01
8.595539e+00 1.091083e+01
8.021643e+00 9.639127e+00
8.894163e+00 1.108821e+01
7.655758e+00 1.015588e+01
7.591983e+00 1.022730e+01
-1.595333e+00 1.517043e+01
8.031311e+00 1.026549e+01
8.047362e+00 1.005943e+01
7.362131e+00 9.331907e+00
6.684123e+00 1.012668e+01
7.293010e+00 9.506581e+00
-1.652801e+01 6.231954e+00
8.970866e+00 1.068112e+01
8.387530e+00 1.083310e+01
-1.708407e+01 6.377382e+00
7.416855e+00 9.788388e+00
7.464180e+00 9.928667e+00
-1.318970e+01 9.863639e+00
9.740991e+00 1.107622e+01
8.246427e+00 1.065922e+01
-1.276821e+01 9.801301e+00
8.226160e+00 9.725358e+00
-1.409611e+01 8.671030e+00
7.725608e+00 1.036478e+01
8.376281e-01 1.510030e+01
8.187398e+00 1.075024e+01
8.778706e+00 9.753672e+00
-5.109053e-01 1.501797e+01
9.337450e+00 9.451771e+00
8.417991e+00 9.391765e+00
7.681831e+00 9.737657e+00
7.834219e+00 8.925157e+00
1.049631e+00 1.516106e+01
7.500790e+00 1.093348e+01
8.398262e+00 1.029641e+01
8.308132e+00 9.931977e+00
7.414473e+00 1.040535e+01
8.878308e+00 9.569463e+00
7.907208e+00 9.537215e+00
7.329619e+00 1.051271e+01
8.212778e+00 9.744769e+00
7.620721e+00 9.300626e+00
7.014260e+00 9.870399e+00
-1.421067e+00 1.495356e+01
1.794252e+00 1.477676e+01
8.224171e+00 9.939883e+00
-1.707011e+01 6.117345e+00
7.704992e+00 9.700127e+00
8.122389e+00 1.017684e+01
-1.513228e+01 7.412111e+00
8.227787e+00 9.630585e+00
8.355197e+00 9.682330e+00
8.132229e+00 9.465632e+00
-1.086952e+00 1.505252e+01
1.204043e+00 1.492740e+01
8.516564e+00 8.979717e+00
7.773617e+00 8.789221e+00
7.381340e+00 1.031950e+01
-1.516930e+01 8.332615e+00
-1.590546e+01 7.800054e+00
8.165676e+00 8.705625e+00
-1.598596e+01 7.319505e+00
-1.595167e+01 7.694001e+00
7.758352e+00 9.509987e+00
9.232005e+00 8.158199e+00
7.884775e+00 1.047952e+01
7.883760e+00 9.869865e+00
6.511441e+00 1.017529e+01
7.914733e+00 9.203181e+00
9.113704e+00 1.048803e+01
7.238141e+00 9.453133e+00
8.138721e+00 1.034503e+01
8.321477e+00 9.481461e+00
-1.320558e+01 1.005600e+01
8.740673e+00 8.492931e+00
7.815728e+00 9.629193e+00
8.327171e+00 1.080414e+01
7.350960e+00 9.697594e+00
8.748436e+00 1.032870e+01
6.713631e-02 1.496938e+01
7.741234e+00 8.682445e+00
8.545224e+00 1.044739e+01
7.845105e+00 1.004999e+01
8.476459e+00 9.838112e+00
7.796670e+00 9.981465e+00
8.889051e+00 1.041843e+01
7.589281e+00 1.101857e+01
7.521470e+00 1.011786e+01
7.289569e+00 9.377147e+00
8.965575e+00 1.120801e+01
7.547547e+00 1.038697e+01
7.753528e+00 9.884036e+00
7.817819e+00 9.257073e+00
8.774522e+00 8.746906e+00
8.569553e+00 9.753802e+00
7.371291e+00 9.820673e+00
8.795982e+00 9.606697e+00
9.195687e+00 1.101696e+01
9.044393e+00 9.597806e+00
-1.601933e+01 7.425816e+00
4.588911e-01 1.513596e+01
8.039317e+00 9.215953e+00
7.986351e+00 1.045681e+01
7.275218e+00 9.774475e+00
6.944130e+00 9.842504e+00
8.020359e+00 8.749244e+00
7.971276e+00 9.372507e+00
6.121986e+00 8.525136e+00
-1.527407e+01 7.739477e+00
8.122777e+00 1.022729e+01
8.649257e+00 1.059518e+01
1.578305e+00 1.510647e+01
7.896332e+00 9.281262e+00
8.526928e+00 1.015387e+01
7.686825e+00 9.694339e+00
8.391441e+00 1.019031e+01
8.497015e+00 9.232164e+00
8.164168e+00 1.050803e+01
7.724427e+00 1.006457e+01
7.283171e+00 9.751865e+00
8.182657e+00 9.486662e+00
8.481876e+00 1.087733e+01
6.987916e+00 9.902975e+00
8.230633e+00 9.219862e+00
8.678860e+00 1.033194e+01
7.492430e+00 9.455073e+00
7.128217e+00 9.744698e+00
-6.519680e-01 1.505464e+01
7.512009e+00 9.682903e+00
7.511881e+00 1.027076e+01
6.971847e+00 8.169047e+00
-1.587424e+01 6.895698e+00
7.549320e+00 9.379156e+00
7.468196e+00 9.760465e+00
6.910189e+00 9.487851e+00
7.531608e+00 8.813982e+00
8.474631e+00 1.005323e+01
8.909245e+00 1.036800e+01
-1.446792e+01 8.935274e+00
8.411036e+00 9.621457e+00
7.552100e+00 8.921356e+00
9.059786e+00 9.883395e+00
7.333155e+00 9.831185e+00
7.849306e+00 1.105421e+01
8.244623e+00 9.643041e+00
8.198730e+00 1.028917e+01
-3.845847e+00 1.511164e+01
8.309253e+00 1.025296e+01
6.902933e+00 8.728197e+00
8.305629e+00 1.114378e+01
8.246278e+00 1.041920e+01
8.840633e+00 9.155201e+00
8.977504e+00 8.934638e+00
7.645193e+00 9.773227e+00
7.328839e+00 1.117985e+01
8.349194e+00 1.093939e+01
8.390293e+00 1.029694e+01
8.667465e+00 1.023532e+01
8.518201e+00 9.713279e+00
8.814209e+00 1.011964e+01
8.274411e+00 1.042175e+01
8.860604e+00 1.015998e+01
7.490202e+00 1.099192e+01
8.052731e+00 1.011919e+01
-1.559582e+01 8.201397e+00
8.717373e+00 1.087897e+01
8.644295e+00 1.004238e+01
7.826350e+00 9.564301e+00
8.309434e+00 1.050248e+01
8.830653e+00 9.298169e+00
8.114327e+00 9.727726e+00
7.812307e+00 1.130974e+01
-1.685122e+01 5.556389e+00
7.927266e+00 9.891649e+00
8.459785e+00 8.862528e+00
7.498048e+00 1.136885e+01
6.674542e+00 9.824525e+00
-1.502048e+01 8.040067e+00
6.360840e+00 9.059137e+00
8.777722e+00 1.051858e+01
-1.657968e+00 1.502374e+01
8.431452e+00 1.041005e+01
6.953061e+00 9.923626e+00
8.151318e+00 9.628278e+00
-2.087208e+00 1.511362e+01
7.308971e+00 9.185168e+00
7.331684e+00 9.332728e+00
7.957329e+00 9.506256e+00
7.361570e-01 1.507582e+01
-1.438420e+01 8.933020e+00
8.495346e+00 8.606793e+00
9.064329e+00 1.058851e+01
8.445658e+00 1.021481e+01
8.474548e+00 1.018765e+01
8.705685e+00 1.009998e+01
-1.521845e+01 8.231153e+00
8.346951e+00 1.034474e+01
-1.402218e+00 1.512128e+01
7.841190e+00 1.034792e+01
-2.072231e+00 1.496964e+01
8.911587e+00 1.096139e+01
7.513646e+00 9.476615e+00
2.193992e+00 1.507429e+01
-1.693362e+01 5.976886e+00
7.400180e+00 8.924688e+00
8.612823e+00 9.640131e+00
8.422432e+00 1.063543e+01
-1.514058e+01 8.048074e+00
7.557469e+00 9.772403e+00
9.131547e+00 9.838972e+00
8.594164e+00 9.855554e+00
-1.597832e+01 7.196183e+00
-2.533186e+00 1.518771e+01
7.473343e+00 9.848380e+00
8.896335e-01 1.506115e+01
8.703430e+00 9.270296e+00
-1.420958e+01 8.169689e+00
1.276335e+00 1.500613e+01
8.404871e+00 1.093941e+01
8.516275e+00 9.017535e+00
8.924124e+00 9.944625e+00
7.367953e+00 1.035949e+01
6.234094e+00 8.179738e+00
8.047683e+00 1.043781e+01
8.114903e+00 1.082307e+01
-1.615292e+01 6.643688e+00
8.100992e+00 9.874872e+00
4.584144e-01 1.475514e+01
9.300211e+00 9.314199e+00
8.793245e+00 1.113684e+01
7.922749e+00 1.083626e+01
-1.533847e+01 7.735569e+00
8.771068e+00 1.085803e+01
-1.188322e+00 1.494586e+01
7.400413e+00 1.048578e+01
7.871541e+00 1.026283e+01
7.758617e+00 1.094819e+01
-1.583895e+01 7.476935e+00
-1.205384e+00 1.487183e+01
7.605377e+00 9.570212e+00
-1.625640e+01 7.403267e+00
-1.486018e+01 7.636687e+00
7.498740e+00 8.510473e+00
7.427140e+00 9.728216e+00
9.231193e+00 9.772371e+00
-9.897111e-01 1.511363e+01
7.664889e+00 9.289165e+00
-1.994526e+00 1.497794e+01
8.104977e+00 9.708744e+00
7.895029e+00 1.096334e+01
8.024572e+00 9.659115e+00
2.734128e+00 1.505285e+01
-1.347994e+01 9.377591e+00
8.513226e+00 1.033503e+01
7.717725e+00 9.232086e+00
8.124260e+00 9.059883e+00
9.011436e+00 1.152006e+01
8.348634e+00 1.029205e+01
8.359460e+00 9.778269e+00
9.078962e+00 1.133867e+01
7.925692e+00 1.019843e+01
8.006716e+00 9.386545e+00
8.035528e+00 9.841736e+00
8.850338e+00 1.022330e+01
7.749956e+00 9.777264e+00
7.554301e+00 1.119368e+01
8.126474e+00 1.053756e+01
7.882085e+00 9.733801e+00
8.675985e+00 9.972652e+00
7.878555e+00 9.479682e+00
-1.443162e+01 9.187374e+00
7.424841e+00 1.084677e+01
7.816096e+00 1.083496e+01
8.150716e+00 1.055208e+01
-1.464794e+01 8.290037e+00
8.169293e+00 9.629879e+00
6.452136e+00 1.017177e+01
8.499842e+00 1.019254e+01
7.383020e+00 8.983441e+00
7.648807e+00 1.061293e+01
1.384305e+00 1.498459e+01
7.102741e+00 9.577824e+00
9.058065e+00 1.075222e+01
7.323816e+00 1.067223e+01
8.560723e+00 1.060494e+01
7.601207e+00 9.513577e+00
7.744479e+00 9.924566e+00
7.781701e+00 9.642575e+00
8.898587e-01 1.504228e+01
7.768554e+00 9.832548e+00
7.625925e+00 8.585261e+00
7.343554e+00 9.924613e+00
9.140781e+00 8.733077e+00
8.462974e+00 9.576381e+00
7.915885e+00 1.031441e+01
8.424110e+00 1.026664e+01
7.699204e+00 1.005910e+01
8.253847e+00 8.569269e+00
8.537402e+00 1.159486e+01
9.128789e+00 8.433567e+00
7.495172e+00 1.013557e+01
8.687539e+00 1.031173e+01
6.111520e+00 9.460982e+00
7.422383e+00 9.715203e+00
7.734811e+00 8.739000e+00
7.708987e+00 1.011647e+01
-1.080472e+01 1.185476e+01
8.509077e+00 9.977993e+00
8.132942e+00 1.005534e+01
9.679955e+00 1.068231e+01
-2.485600e-01 1.514983e+01
7.437281e+00 9.715190e+00
8.059610e+00 1.014830e+01
9.268287e+00 1.114657e+01
-1.424874e+01 8.681409e+00
8.673434e+00 1.023245e+01
7.754850e+00 1.001320e+01
7.829893e+00 1.060481e+01
6.884337e+00 9.844625e+00
8.173276e+00 9.825233e+00
-1.496738e+01 8.191327e+00
7.350828e+00 9.636589e+00
8.477132e+00 1.017643e+01
7.647702e+00 1.006440e+01
7.476517e+00 9.783950e+00
8.524309e+00 9.561925e+00
8.933061e+00 9.729983e+00
7.652185e+00 9.248121e+00
8.204671e+00 9.257181e+00
-5.515290e-01 1.493101e+01
8.175085e+00 1.088108e+01
-1.504265e+01 7.869061e+00
6.982301e+00 1.052685e+01
8.263592e+00 9.263254e+00
8.224082e+00 9.843169e+00
8.009822e+00 9.795066e+00
8.486104e+00 9.474073e+00
8.399775e+00 9.274343e+00
8.725986e+00 1.107116e+01
8.775334e+00 1.067409e+01
2.064381e+00 1.493912e+01
7.660335e+00 9.482816e+00
8.029843e+00 1.026583e+01
8.410865e+00 9.760554e+00
8.744674e+00 9.012613e+00
7.766940e+00 9.361016e+00
7.609541e+00 1.000271e+01
7.548148e+00 9.831664e+00
8.604573e+00 1.075177e+01
6.467169e+00 1.071098e+01
9.113466e+00 9.561951e+00
8.280317e+00 9.958510e+00
7.609718e+00 8.827638e+00
7.439553e+00 8.940005e+00
8.010972e+00 9.677004e+00
8.359784e+00 1.102450e+01
7.889585e+00 9.722715e+00
6.986827e+00 9.894603e+00
7.046686e+00 9.570376e+00
8.486683e+00 1.070230e+01
8.909097e+00 1.006021e+01
8.203089e+00 1.028580e+01
8.427930e+00 1.010885e+01
7.161888e+00 9.330368e+00
7.223127e+00 1.033827e+01
-1.320038e+01 9.304310e+00
8.339797e+00 9.533417e+00
-1.521872e+01 8.635836e+00
8.493123e+00 1.131271e+01
6.483251e+00 9.880448e+00
7.725202e+00 1.024456e+01
8.045540e+00 9.528607e+00
8.600356e+00 9.612203e+00
8.911177e+00 1.055942e+01
1.954572e+00 1.486869e+01
8.238158e+00 9.140416e+00
8.017883e+00 1.066955e+01
7.938417e+00 9.978567e+00
8.139162e+00 9.679857e+00
-1.430300e+01 9.649192e+00
8.347848e+00 9.458397e+00
2.417927e-01 1.484760e+01
9.558656e-01 1.505807e+01
8.171643e-01 1.516299e+01
7.214454e+00 1.030520e+01
7.187517e+00 9.033515e+00
7.981218e+00 9.413827e+00
7.617784e+00 9.146057e+00
7.942089e+00 1.102414e+01
7.411512e+00 9.617690e+00
6.965614e+00 1.066873e+01
7.313359e+00 1.014173e+01
8.764755e+00 9.760647e+00
7.257760e+00 9.808223e+00
-1.633109e+01 6.889027e+00
9.971385e+00 9.576698e+00
7.519731e+00 9.886826e+00
1.647939e+00 1.491362e+01
7.798688e+00 8.518873e+00
8.357775e+00 1.096322e+01
7.210406e+00 1.032678e+01
-1.490762e+01 8.299788e+00
7.942553e+00 1.079830e+01
8.240270e+00 9.163862e+00
7.649890e+00 1.003356e+01
8.803571e+00 1.203884e+01
7.899196e+00 9.869776e+00
7.416520e+00 9.755167e+00
8.203455e+00 9.579737e+00
7.895142e+00 1.108387e+01
8.000643e+00 1.072709e+01
7.020152e+00 9.916642e+00
7.806398e+00 1.041676e+01
9.342804e+00 1.033412e+01
7.058816e+00 1.045008e+01
6.849905e+00 1.040899e+01
7.236517e+00 8.855879e+00
7.289041e+00 9.731647e+00
-2.123734e+00 1.473873e+01
8.940829e+00 9.271580e+00
8.150604e+00 1.040698e+01
8.196886e+00 9.483744e+00
7.869250e+00 1.006368e+01
7.585529e+00 8.840827e+00
1.726745e-01 1.493986e+01
-1.941787e+00 1.504743e+01
8.329013e+00 9.696385e+00
8.129110e+00 1.105308e+01
8.266819e+00 9.006221e+00
8.190610e+00 1.089968e+01
6.693809e+00 9.923598e+00
1.475223e+00 1.495390e+01
7.770280e+00 9.846376e+00
8.297362e+00 9.563709e+00
9.953331e-01 1.491255e+01
-1.500254e+01 7.585450e+00
7.810180e+00 8.591422e+00
7.492270e+00 9.870005e+00
6.862596e+00 1.032709e+01
7.640552e+00 9.669616e+00
-1.636374e+01 6.847664e+00
8.066816e+00 1.057938e+01
8.219710e+00 8.960970e+00
8.240799e+00 8.636831e+00
-1.509802e+01 7.689368e+00
9.564520e+00 9.559853e+00
9.698461e+00 9.792195e+00
8.620336e+00 1.198157e+01
4.104567e-01 1.485560e+01
-1.115747e+00 1.481719e+01
8.310588e+00 9.744696e+00
9.041059e+00 9.818710e+00
8.158515e+00 9.174589e+00
8.345829e+00 8.709607e+00
9.131704e+00 1.043123e+01
7.063203e+00 1.053344e+01
8.303183e+00 1.024828e+01
9.050828e+00 1.030061e+01
-1.418724e+01 8.768862e+00
7.706645e+00 8.027576e+00
7.449153e+00 1.078401e+01
8.286705e+00 1.053579e+01
7.657622e+00 9.045835e+00
8.205635e+00 1.098077e+01
7.039766e+00 1.082318e+01
8.033069e+00 1.059055e+01
-1.390591e+01 9.089769e+00
6.415865e+00 9.337525e+00
7.124935e+00 1.116557e+01
-1.358687e+01 9.422385e+00
8.095423e+00 9.972245e+00
8.103798e+00 1.043738e+01
-1.430746e+01 8.133478e+00
7.851423e+00 1.093861e+01
8.102665e+00 9.021109e+00
7.987974e+00 1.042761e+01
-3.144044e-01 1.512120e+01
-1.494242e+01 9.099141e+00
8.681703e+00 9.758692e+00
8.461069e+00 9.232824e+00
7.787208e+00 1.019138e+01
7.956018e+00 9.464869e+00
8.045618e+00 9.862364e+00
7.520988e+00 8.184306e+00
8.673545e+00 1.043465e+01
-1.415301e+01 8.198819e+00
7.925746e+00 9.416609e+00
8.338808e+00 1.039118e+01
7.644205e+00 1.035687e+01
7.903636e+00 1.094277e+01
3.007525e+00 1.496461e+01
8.566426e+00 1.054920e+01
7.951653e+00 8.805947e+00
7.874186e+00 1.024231e+01
-2.856088e+00 1.504058e+01
8.239169e+00 9.359599e+00
8.575320e+00 9.613818e+00
7.493865e+00 9.860791e+00
7.192538e+00 1.022570e+01
-1.516905e+01 7.551967e+00
7.408327e+00 1.032950e+01
8.088489e+00 9.737250e+00
7.394590e+00 9.747565e+00
6.520631e+00 8.865566e+00
7.354924e+00 9.477732e+00
-1.581706e+01 7.419589e+00
9.276010e+00 1.009856e+01
-1.257811e+01 1.018211e+01
-4.042108e+00 1.510565e+01
8.402449e+00 9.728547e+00
8.649510e+00 1.092492e+01
8.040557e+00 9.968918e+00
8.955458e+00 9.841114e+00
2.074593e+00 1.515064e+01
9.381610e+00 1.012653e+01
8.200472e+00 1.138429e+01
8.640927e+00 1.063261e+01
7.148509e+00 1.003431e+01
-1.327845e+01 9.400643e+00
8.367854e+00 1.114736e+01
7.038601e+00 9.264767e+00
8.229713e+00 1.093908e+01
9.140754e+00 1.048396e+01
7.774483e+00 9.829412e+00
-3.552212e-01 1.518622e+01
3.008457e+00 1.519058e+01
8.785800e+00 9.959660e+00
8.832981e+00 9.798587e+00
8.099406e+00 9.543524e+00
8.688876e+00 9.571346e+00
8.867562e+00 9.910825e+00
-1.364072e+01 9.366145e+00
7.614017e+00 1.059733e+01
8.928091e+00 1.010139e+01
8.840267e+00 1.061892e+01
7.391533e+00 1.027229e+01
7.083254e+00 1.112713e+01
8.290362e+00 9.618268e+00
8.453253e+00 9.642223e+00
-1.513861e+01 7.367429e+00
7.220723e+00 9.168106e+00
7.100695e+00 1.069657e+01
8.859606e+00 1.109165e+01
8.006199e+00 1.016692e+01
7.247329e+00 9.540315e+00
8.810021e+00 1.150033e+01
-1.376558e+01 8.941027e+00
8.821031e+00 1.128664e+01
-1.442995e+01 8.974157e+00
7.699093e+00 1.060571e+01
-1.654757e-01 1.498599e+01
6.828193e+00 1.011521e+01
-1.379912e+01 9.123325e+00
7.686896e+00 9.778683e+00
7.686286e+00 1.072417e+01
8.298889e+00 9.473258e+00
8.842578e+00 9.692618e+00
6.409326e+00 1.058434e+01
7.888309e+00 1.029345e+01
6.632111e+00 1.012700e+01
6.850068e+00 1.048417e+01
7.431627e+00 9.857562e+00
7.376053e+00 9.469766e+00
8.545058e+00 9.707847e+00
7.772530e+00 9.559135e+00
-1.397336e+01 9.057038e+00
7.961128e+00 9.351999e+00
-3.726887e+00 1.487518e+01
7.742891e+00 1.022614e+01
7.767873e+00 9.900649e+00
7.769033e+00 1.132561e+01
7.420238e+00 1.006116e+01
7.146976e+00 9.660694e+00
8.030680e+00 1.012387e+01
-1.841148e+01 5.045473e+00
8.109480e+00 8.895723e+00
7.254375e+00 9.401247e+00
8.659731e+00 1.158367e+01
8.441203e+00 9.759531e+00
7.401011e+00 1.010746e+01
1.086679e+00 1.498519e+01
6.720103e+00 9.615430e+00
7.004551e+00 9.922663e+00
-1.375191e+01 9.076988e+00
8.098833e+00 9.898639e+00
8.508340e+00 9.190097e+00
7.225696e+00 9.685757e+00
5.113381e-01 1.482019e+01
7.892901e+00 8.642715e+00
7.425258e+00 1.009942e+01
8.373306e+00 9.631541e+00
6.487702e+00 9.423393e+00
2.244474e+00 1.494333e+01
-1.577110e-02 1.490756e+01
1.064200e+01 9.883043e+00
7.834370e+00 9.824166e+00
8.158295e+00 1.137620e+01
6.615184e+00 9.944616e+00
8.432151e+00 1.091109e+01
6.791520e+00 1.014618e+01
8.429671e+00 8.934022e+00
8.414237e+00 9.347547e+00
1.268937e+00 1.487749e+01
7.673488e+00 1.026992e+01
7.786928e+00 9.428387e+00
7.709052e+00 7.760410e+00
2.327766e+00 1.482262e+01
8.005404e+00 1.082812e+01
8.277840e+00 1.145234e+01
7.254376e+00 9.188804e+00
7.355277e+00 1.088985e+01
7.521410e+00 9.286522e+00
8.261503e+00 8.949713e+00
7.642086e+00 8.039445e+00
7.985649e+00 9.104206e+00
8.049952e+00 1.135618e+01
-1.566482e+01 7.794392e+00
8.168700e+00 1.037914e+01
7.209405e+00 9.438876e+00
6.848583e+00 9.673347e+00
7.411891e+00 1.086518e+01
8.078139e+00 1.021193e+01
7.240019e+00 9.414015e+00
9.060700e+00 9.615958e+00
6.784539e+00 1.042652e+01
7.556630e+00 9.580878e+00
7.753488e+00 1.004473e+01
7.659278e+00 1.059276e+01
6.861072e+00 1.039327e+01
9.402352e+00 1.002660e+01
7.948718e+00 8.908907e+00
8.172059e+00 1.031010e+01
7.583742e+00 9.454151e+00
7.127539e+00 9.989294e+00
-1.662801e+01 6.416800e+00
8.037435e+00 9.607021e+00
6.365496e+00 8.853889e+00
8.197178e+00 1.014236e+01
7.061393e+00 9.726440e+00
8.610634e+00 9.888674e+00
7.206244e+00 8.091315e+00
8.128145e+00 8.969113e+00
-1.495636e+01 7.955677e+00
7.242689e+00 1.072979e+01
8.218864e+00 1.067585e+01
7.101895e+00 8.150577e+00
7.756718e+00 1.013296e+01
8.914474e+00 9.876218e+00
7.271073e+00 1.054262e+01
7.263299e+00 9.303613e+00
7.757823e+00 9.797573e+00
-1.527215e+01 7.582418e+00
2.259742e-02 1.504743e+01
8.823786e+00 9.632804e+00
-1.647756e+01 6.829092e+00
-1.491250e+01 8.569095e+00
7.858829e+00 1.069682e+01
8.276269e+00 1.053258e+01
7.735216e+00 1.028493e+01
8.764830e+00 9.630525e+00
7.079598e+00 1.026641e+01
8.492019e+00 9.317626e+00
7.482359e+00 9.520864e+00
8.672116e+00 1.072693e+01
8.334969e-01 1.494433e+01
8.964876e+00 1.066388e+01
7.095957e+00 9.725096e+00
9.160035e+00 9.871518e+00
7.498086e+00 9.402499e+00
8.122434e+00 1.014594e+01
7.245534e+00 1.002240e+01
7.581710e+00 1.037678e+01
7.654617e+00 9.784470e+00
7.432637e+00 1.046982e+01
8.129917e+00 9.368087e+00
6.774034e-01 1.500192e+01
-2.488966e+00 1.492754e+01
-1.615238e+00 1.508145e+01
8.317601e+00 9.531627e+00
8.924276e+00 1.025378e+01
7.291193e+00 1.042715e+01
7.706106e+00 9.709121e+00
8.096438e+00 1.022990e+01
-1.893586e+00 1.508619e+01
8.486780e+00 9.988218e+00
7.523825e+00 1.005183e+01
8.705836e+00 1.121974e+01
-3.581752e+00 1.515266e+01
-1.384104e+01 8.448309e+00
7.844450e+00 1.024614e+01
8.844138e+00 1.015100e+01
7.840037e+00 9.279247e+00
7.933247e+00 1.112259e+01
7.775694e+00 1.092501e+01
-1.494126e+01 8.313889e+00
8.852726e+00 9.703159e+00
7.429494e+00 1.062935e+01
-1.558355e+01 6.867930e+00
8.491529e+00 9.269614e+00
8.127708e+00 1.042650e+01
8.468123e+00 9.929421e+00
8.522663e+00 1.079042e+01
8.429731e+00 1.070618e+01
6.581048e+00 1.012121e+01
8.737962e+00 1.082453e+01
7.581409e+00 8.940979e+00
7.412632e+00 1.005442e+01
8.409278e+00 9.928773e+00
8.719488e+00 1.005559e+01
6.842895e+00 1.022459e+01
8.613059e+00 1.050543e+01
8.436669e+00 1.041858e+01
6.655254e+00 1.127570e+01
8.876938e+00 9.446166e+00
1.529213e+00 1.491079e+01
7.547087e+00 1.014608e+01
-1.560540e+01 7.402925e+00
8.503227e+00 1.010583e+01
7.969840e+00 8.929567e+00
8.030706e+00 8.825703e+00
7.267001e+00 1.037811e+01
8.480769e+00 8.998493e+00
-4.227710e+00 1.514100e+01
8.571547e+00 9.965016e+00
7.216299e+00 9.186747e+00
7.918116e+00 9.888299e+00
8.403606e+00 9.267141e+00
-1.625561e+01 6.797150e+00
8.493795e+00 9.994066e+00
7.102522e+00 9.296710e+00
8.259002e+00 9.720350e+00
7.543916e+00 1.020872e+01
7.632918e+00 1.081867e+01
6.861923e+00 9.157841e+00
7.729035e+00 1.029192e+01
1.754865e+00 1.495074e+01
7.081143e+00 9.626510e+00
-1.462080e+01 8.267201e+00
9.116817e+00 1.062480e+01
7.482281e+00 9.794752e+00
8.698448e+00 9.541425e+00
7.545317e+00 1.031972e+01
-1.590853e+01 7.565931e+00
7.539544e+00 8.703196e+00
8.126190e+00 9.184153e+00
7.570165e+00 9.086706e+00
6.858787e+00 9.474751e+00
7.564119e+00 9.411590e+00
8.264380e+00 9.723710e+00
7.032862e+00 1.104483e+01
7.683613e+00 1.015602e+01
8.190833e+00 1.045443e+01
8.666273e+00 9.653326e+00
7.878018e+00 9.938443e+00
7.370418e+00 1.056418e+01
8.823773e+00 1.016324e+01
-9.467903e-01 1.507084e+01
-1.385093e+01 9.009111e+00
8.588311e+00 1.034581e+01
9.301923e+00 1.103725e+01
-1.695453e+01 5.807072e+00
9.493281e+00 1.011002e+01
7.722845e+00 1.046703e+01
9.139330e+00 1.018150e+01
7.926006e+00 1.175314e+01
7.860743e+00 9.956987e+00
8.044388e+00 9.471127e+00
8.623283e+00 9.726349e+00
8.488662e+00 9.017700e+00
7.393782e+00 1.042861e+01
-1.543864e+01 7.709370e+00
9.601218e+00 1.024423e+01
8.550642e+00 1.097725e+01
7.391632e+00 9.935627e+00
7.949909e+00 9.828762e+00
7.890415e+00 8.955905e+00
9.021379e+00 9.833632e+00
6.592924e+00 1.085801e+01
7.207688e+00 1.011941e+01
7.387496e+00 1.137220e+01
7.456667e+00 9.318628e+00
6.894720e+00 9.514521e+00
7.655087e+00 1.049062e+01
7.003067e+00 1.046986e+01
7.953238e+00 8.556511e+00
7.482085e+00 9.529870e+00
8.278630e+00 9.881972e+00
7.579505e+00 9.752792e+00
6.027919e+00 9.679623e+00
-2.019884e+00 1.504805e+01
6.859818e+00 1.044234e+01
7.936659e+00 1.051607e+01
8.804126e+00 1.011891e+01
8.181004e+00 1.119633e+01
9.465431e+00 9.704102e+00
8.231880e+00 9.733215e+00
8.117425e+00 1.109711e+01
8.548852e+00 1.043879e+01
8.747528e+00 1.012310e+01
7.257541e+00 1.017852e+01
8.198824e+00 9.876995e+00
-1.552998e+00 1.491396e+01
1.148457e+00 1.502319e+01
7.612269e+00 1.035313e+01
8.462233e+00 9.057636e+00
7.609149e+00 9.066885e+00
7.630822e+00 9.823239e+00
8.927919e+00 1.054227e+01
8.000425e+00 1.136676e+01
8.664928e+00 9.991469e+00
-2.300784e+00 1.508935e+01
9.365047e+00 1.102043e+01
7.863352e+00 9.714256e+00
9.055591e+00 1.059564e+01
8.198412e+00 9.824780e+00
8.189774e+00 9.233696e+00
-1.279767e+01 9.944849e+00
8.455622e-01 1.505327e+01
7.702991e+00 1.001597e+01
8.227454e+00 9.541711e+00
7.530195e+00 8.660283e+00
-1.353902e+01 9.280202e+00
9.033139e+00 9.856995e+00
-1.405744e+01 8.853792e+00
8.283836e+00 1.062177e+01
2.413213e+00 1.505709e+01
8.745454e+00 9.101720e+00
8.877672e+00 1.100723e+01
7.749945e+00 9.140372e+00
8.029450e+00 1.069452e+01
7.499643e+00 8.713820e+00
7.808416e+00 9.024417e+00
8.076192e+00 1.091611e+01
7.866334e+00 9.676812e+00
6.907173e+00 1.096410e+01
7.782574e+00 9.783119e+00
7.328350e-01 1.495690e+01
8.172026e+00 9.375789e+00
7.826225e+00 1.057144e+01
7.485074e+00 9.369931e+00
6.842003e+00 8.504484e+00
8.655197e+00 9.545167e+00
8.719582e+00 1.006479e+01
-1.225580e+01 9.682535e+00
8.816505e+00 1.008671e+01
7.508615e+00 9.675110e+00
1.027765e+00 1.509479e+01
7.734904e+00 1.104875e+01
8.443313e+00 1.028975e+01
7.041161e+00 9.759472e+00
6.531275e-01 1.497294e+01
7.642305e+00 9.810541e+00
7.494179e+00 9.980409e+00
6.706310e+00 9.556142e+00
8.910333e+00 1.097066e+01
7.935413e+00 1.095973e+01
7.791423e+00 1.087452e+01
9.630401e+00 1.093140e+01
8.300195e+00 1.083614e+01
7.583713e+00 9.110665e+00
8.570293e+00 1.058688e+01
7.993262e+00 1.010559e+01
8.008189e+00 1.083148e+01
-1.410823e+01 8.591061e+00
8.266006e+00 9.107485e+00
8.791975e+00 9.115144e+00
7.500718e+00 9.138158e+00
7.765360e+00 9.446142e+00
8.892420e+00 9.705710e+00
8.450927e+00 9.472273e+00
8.127202e+00 9.820126e+00
8.855090e+00 8.973563e+00
8.219545e+00 9.827112e+00
-1.536076e+01 7.141491e+00
-1.465644e+01 8.457201e+00
8.128809e+00 9.330796e+00
7.961550e+00 1.039183e+01
7.820908e+00 9.672029e+00
7.415548e+00 9.048365e+00
8.102143e+00 1.047672e+01
1.076552e+00 1.503203e+01
8.989234e+00 1.013182e+01
-3.115323e+00 1.507670e+01
7.731652e+00 1.024424e+01
3.448105e-01 1.492688e+01
8.144651e+00 9.622086e+00
8.262840e+00 9.385926e+00
7.664347e+00 1.082618e+01
6.482532e+00 9.209992e+00
8.122353e+00 1.026837e+01
7.497901e+00 1.022941e+01
7.775375e+00 1.001379e+01
-1.559230e+01 7.725422e+00
7.756188e+00 9.136479e+00
7.630721e+00 9.981595e+00
8.177227e+00 9.429533e+00
7.786861e+00 1.015166e+01
7.471483e+00 1.009699e+01
7.769836e+00 1.044585e+01
8.239086e+00 1.010398e+01
6.569135e+00 8.593557e+00
7.515376e+00 8.903456e+00
7.484739e+00 9.812178e+00
9.387113e+00 1.036770e+01
2.518407e+00 1.506025e+01
7.811018e+00 9.535984e+00
8.680220e+00 8.731855e+00
7.627945e+00 1.050349e+01
7.892401e+00 1.012890e+01
-1.439566e+01 8.484743e+00
8.860275e+00 9.155665e+00
8.909381e+00 9.380551e+00
7.369158e+00 1.010846e+01
7.151693e+00 9.863176e+00
8.712212e+00 1.039716e+01
7.826042e+00 9.482679e+00
8.125829e+00 1.042845e+01
-1.797272e+00 1.500828e+01
6.573867e+00 1.055523e+01
8.290160e+00 1.114212e+01
-1.181393e+01 1.103153e+01
8.770064e+00 9.848612e+00
-1.428781e+01 8.318405e+00
-1.372498e+01 9.018307e+00
-1.548549e+01 7.483173e+00
8.899527e+00 1.003817e+01
7.681461e+00 1.064199e+01
6.952278e+00 9.559368e+00
8.905026e+00 9.737096e+00
-1.652482e+00 1.518775e+01
8.334394e+00 9.825507e+00
7.396238e+00 1.029609e+01
-1.213827e+00 1.490599e+01
6.555044e+00 9.201272e+00
8.170346e+00 9.596345e+00
-1.742830e+01 5.149687e+00
8.558980e+00 1.138440e+01
8.295077e+00 9.708175e+00
8.551057e+00 1.002788e+01
-1.359799e+01 8.863528e+00
7.937348e+00 9.947248e+00
8.040730e+00 1.059887e+01
-1.469893e+01 8.731878e+00
1.093910e+00 1.489601e+01
8.401743e+00 9.605361e+00
7.404951e+00 1.028419e+01
8.008761e+00 9.352156e+00
8.412679e+00 9.267167e+00
7.647763e+00 9.955386e+00
7.091243e+00 1.008721e+01
6.990136e+00 9.536985e+00
8.650216e+00 9.506220e+00
7.969229e+00 1.024271e+01
8.183297e+00 1.072341e+01
2.724822e+00 1.488256e+01
7.634879e+00 1.019726e+01
9.183398e+00 9.341883e+00
8.448710e+00 1.017920e+01
-9.049154e-01 1.494858e+01
7.295498e+00 8.794558e+00
9.807744e+00 9.913780e+00
7.633845e+00 1.055740e+01
8.369905e+00 1.096681e+01
8.173978e+00 1.059503e+01
8.008146e+00 9.576607e+00
7.316484e+00 9.542768e+00
6.888784e+00 1.035348e+01
6.784247e+00 1.106806e+01
8.375715e+00 9.966677e+00
8.148363e+00 1.061734e+01
7.628754e+00 9.821535e+00
9.617339e+00 9.260999e+00
-2.017171e+00 1.495976e+01
7.591058e+00 8.848069e+00
6.432668e+00 9.819830e+00
7.617354e+00 9.768968e+00
-6.920693e-01 1.516734e+01
7.210948e+00 9.582643e+00
7.972319e+00 1.092047e+01
8.453566e+00 1.025981e+01
7.461414e+00 9.597006e+00
8.219752e+00 8.947801e+00
9.464918e+00 1.000210e+01
6.980472e+00 9.450136e+00
7.058861e+00 9.512685e+00
-1.935120e+00 1.518741e+01
8.519081e+00 1.024636e+01
7.648838e+00 1.092012e+01
7.537546e+00 1.054431e+01
8.188249e+00 1.088429e+01
9.505221e+00 1.026847e+01
2.949234e+00 1.503948e+01
8.309868e+00 9.915319e+00
8.401583e+00 9.837725e+00
-1.774168e+01 5.672350e+00
7.853362e+00 1.049454e+01
7.770938e+00 9.151576e+00
8.157963e+00 9.832567e+00
7.736746e+00 9.476613e+00
8.038562e+00 9.964672e+00
7.794154e+00 1.007111e+01
2.264755e-02 1.508541e+01
2.063286e+00 1.499079e+01
8.008600e+00 1.027168e+01
8.093324e+00 9.929097e+00
8.554091e+00 1.127401e+01
7.098996e+00 9.653449e+00
7.739095e+00 8.721335e+00
7.828678e+00 1.027861e+01
7.681654e+00 1.011818e+01
7.507371e+00 8.834406e+00
7.714089e+00 9.631671e+00
7.956434e+00 9.794341e+00
7.410151e+00 8.839942e+00
7.754256e+00 9.765604e+00
7.217616e+00 1.124553e+01
7.399289e+00 9.330005e+00
6.754144e+00 1.004186e+01
7.819004e+00 9.944027e+00
7.720357e+00 1.081184e+01
7.736488e+00 1.050726e+01
7.487720e+00 1.090807e+01
6.621218e+00 9.468095e+00
7.646542e+00 6.960800e+00
7.869552e+00 1.088600e+01
-1.590834e+01 7.574452e+00
8.071403e+00 9.588174e+00
-1.166069e+00 1.493303e+01
-1.759193e+01 5.456871e+00
6.737677e+00 9.448243e+00
6.484939e+00 9.359707e+00
-1.432375e+01 9.311661e+00
-1.351374e+01 9.163933e+00
8.162908e+00 9.791684e+00
8.936429e+00 1.072722e+01
8.526875e+00 9.569011e+00
1.605112e+00 1.514376e+01
8.973487e+00 1.015846e+01
7.491404e+00 9.452302e+00
7.614293e+00 9.332501e+00
8.533517e+00 9.470772e+00
7.843151e+00 9.614976e+00
7.916595e+00 9.224857e+00
4.317537e-01 1.507330e+01
7.647010e+00 9.551919e+00
8.468937e+00 9.609911e+00
7.473305e+00 9.030540e+00
7.996770e+00 9.369507e+00
7.436658e+00 1.151491e+01
8.161000e+00 9.755722e+00
6.067157e+00 9.825706e+00
7.686855e+00 9.805567e+00
1.001064e+01 9.759855e+00
7.879446e+00 1.007711e+01
-1.168422e+01 1.131258e+01
8.227134e+00 1.050745e+01
-1.383978e+01 9.293708e+00
6.780353e+00 1.014526e+01
6.863367e+00 1.085118e+01
5.110260e-01 1.480181e+01
7.492281e+00 9.098715e+00
7.547169e+00 9.902246e+00
7.710077e+00 1.049871e+01
7.105309e+00 1.073692e+01
8.224112e+00 1.018280e+01
8.711896e+00 1.107154e+01
7.861009e+00 9.415798e+00
9.796042e+00 9.900846e+00
8.020480e+00 1.018366e+01
7.526680e+00 9.594294e+00
7.152208e+00 8.366927e+00
8.886861e+00 1.018575e+01
7.891205e+00 9.769182e+00
8.699882e+00 1.072901e+01
-1.367891e+01 9.272701e+00
8.094881e+00 9.888581e+00
2.917538e+00 1.496896e+01
8.942834e+00 1.031227e+01
-1.355022e+01 9.244756e+00
8.380684e+00 1.002710e+01
8.485553e+00 1.010906e+01
1.414049e+00 1.487391e+01
-1.194286e+01 1.018927e+01
-1.614897e+01 7.072121e+00
9.388862e+00 1.118477e+01
-1.701746e+01 6.387613e+00
7.237706e+00 1.052813e+01
7.050186e+00 1.073267e+01
-1.524123e+01 8.181657e+00
8.835158e+00 1.060486e+01
8.324001e+00 1.011640e+01
7.773693e+00 1.032040e+01
2.332440e+00 1.499158e+01
7.367839e+00 1.014768e+01
8.779617e+00 1.010357e+01
7.650933e+00 1.093823e+01
9.572501e+00 9.990591e+00
-1.679726e+01 6.914152e+00
8.935050e+00 1.129972e+01
8.489700e+00 1.028016e+01
-1.567653e+01 6.285692e+00
7.710653e+00 1.113012e+01
8.219897e+00 9.332280e+00
7.347783e+00 1.109616e+01
8.345786e+00 1.037132e+01
8.752907e+00 9.502887e+00
8.418407e+00 9.973810e+00
9.114797e+00 1.154258e+01
6.895692e+00 9.421044e+00
8.036902e+00 1.010728e+01
8.763341e+00 9.798447e+00
8.971748e+00 1.078507e+01
8.340846e+00 1.103068e+01
7.820693e+00 1.049103e+01
9.384763e+00 1.103052e+01
8.813283e+00 8.185910e+00
8.182723e+00 1.018971e+01
7.336126e+00 1.107577e+01
8.327340e+00 8.984308e+00
6.817012e+00 9.363944e+00
8.301589e+00 1.103080e+01
8.714636e+00 1.106669e+01
7.807296e+00 1.117798e+01
6.440045e+00 9.289996e+00
8.382643e+00 1.030008e+01
8.045881e+00 8.454144e+00
-1.456384e+01 8.319511e+00
6.973459e+00 1.018955e+01
7.389419e+00 9.284881e+00
8.868017e+00 1.071388e+01
8.122460e+00 1.032015e+01
-1.516357e+01 8.340634e+00
-1.540868e+01 7.080656e+00
8.438132e+00 9.614161e+00
7.227153e+00 9.410120e+00
5.828121e-01 1.505545e+01
-1.398663e+01 9.220018e+00
9.069588e+00 1.082707e+01
-1.407822e+01 8.581505e+00
7.635138e+00 1.014059e+01
-1.503717e+01 8.080265e+00
8.171011e+00 1.008538e+01
8.184632e+00 9.290336e+00
1.371118e+00 1.506850e+01
7.960042e+00 1.050137e+01
-1.190910e+01 1.117109e+01
7.559250e+00 8.598949e+00
2.385691e+00 1.488424e+01
-4.177387e+00 1.492416e+01
7.685149e+00 1.010364e+01
7.472611e+00 8.675369e+00
1.004130e+00 1.504307e+01
2.329596e+00 1.508518e+01
7.907400e+00 9.591501e+00
-1.462419e+01 8.451946e+00
7.447295e+00 1.007037e+01
7.969393e+00 1.021349e+01
8.325967e+00 1.030358e+01
8.720377e+00 9.889131e+00
8.118317e+00 9.669530e+00
8.557213e+00 1.060076e+01
7.973984e+00 1.003829e+01
6.984651e+00 9.514070e+00
8.494676e+00 9.017189e+00
8.201925e+00 1.065829e+01
1.029807e+01 1.068264e+01
8.966948e+00 1.021466e+01
8.957686e+00 9.955238e+00
7.853357e+00 9.091837e+00
2.027097e+00 1.493216e+01
6.571287e+00 8.903656e+00
-1.853714e+00 1.506065e+01
7.669582e+00 1.104324e+01
8.407604e+00 9.711111e+00
7.632874e+00 8.535287e+00
8.284069e+00 1.101856e+01
6.720200e+00 1.073059e+01
3.059653e-01 1.493928e+01
8.934071e+00 9.560076e+00
-1.508762e+01 8.027179e+00
8.328104e+00 9.619654e+00
8.142721e+00 9.779271e+00
7.928526e+00 9.718092e+00
7.680943e+00 9.777241e+00
8.534736e+00 1.105326e+01
8.798243e+00 1.005393e+01
8.385783e+00 9.770811e+00
4.548040e-01 1.472838e+01
9.635915e+00 1.010456e+01
7.425709e+00 1.036258e+01
8.361764e+00 9.171551e+00
-1.450683e+01 9.332136e+00
8.009705e+00 9.266973e+00
7.908330e+00 1.037711e+01
8.415383e+00 1.045777e+01
8.944227e+00 1.011511e+01
7.679083e+00 9.994259e+00
7.454615e+00 1.123751e+01
8.274460e+00 9.534960e+00
9.930627e+00 1.089347e+01
7.773861e+00 9.249803e+00
8.563691e+00 1.027364e+01
7.714230e+00 9.992592e+00
7.377852e+00 9.542493e+00
-1.526682e+01 7.084162e+00
-6.099910e-02 1.488649e+01
8.034698e+00 1.211901e+01
8.538748e+00 9.810193e+00
8.674366e+00 8.723923e+00
8.609547e+00 9.746217e+00
6.749275e+00 1.014092e+01
7.965004e+00 9.634546e+00
8.103813e+00 9.326743e+00
9.502317e+00 1.064427e+01
7.771121e+00 9.851533e+00
-1.432394e+01 8.709274e+00
8.416550e+00 1.038989e+01
2.326589e+00 1.504021e+01
7.663692e+00 9.531948e+00
6.968847e+00 1.014354e+01
7.792011e+00 1.129366e+01
7.462028e+00 9.938738e+00
7.346284e+00 9.716452e+00
8.473440e+00 9.563493e+00
8.549938e+00 9.751730e+00
8.103242e+00 9.107266e+00
7.532691e+00 1.113232e+01
-1.594992e+01 6.914287e+00
7.990896e+00 1.012858e+01
6.831518e+00 9.570699e+00
8.672199e+00 1.035039e+01
7.211498e+00 1.056040e+01
8.313909e+00 1.109971e+01
8.199327e+00 1.011455e+01
8.708131e+00 1.013916e+01
8.039864e+00 8.951796e+00
2.906875e+00 1.510814e+01
-7.923629e-01 1.485993e+01
8.284744e+00 9.876272e+00
8.928696e+00 1.081236e+01
8.096545e+00 1.192030e+01
8.397720e+00 1.005932e+01
6.999826e+00 9.121961e+00
8.796522e+00 9.492124e+00
7.394834e+00 9.891754e+00
7.667442e+00 9.153733e+00
-3.423063e+00 1.507825e+01
8.720162e+00 1.159685e+01
7.901092e+00 1.025676e+01
7.205003e+00 1.112414e+01
-1.692600e+01 6.141901e+00
6.505994e+00 9.840913e+00
7.657187e+00 1.016444e+01
7.647642e+00 9.743800e+00
6.728998e+00 1.014440e+01
-1.894835e+01 4.246513e+00
7.117675e+00 1.010678e+01
8.419308e+00 9.671240e+00
7.119635e+00 9.748080e+00
7.704053e+00 8.794484e+00
7.144681e+00 9.690765e+00
7.372137e+00 1.116385e+01
7.074648e+00 8.859594e+00
-1.225804e+01 1.076309e+01
8.214032e+00 1.075980e+01
7.864590e+00 1.173989e+01
8.301199e+00 1.098312e+01
-1.489804e+01 8.172434e+00
8.739617e+00 1.070149e+01
6.687988e+00 9.658710e+00
8.230015e+00 1.095371e+01
-1.616301e+01 6.707382e+00
-1.324893e+01 9.086306e+00
-1.428083e+01 8.771510e+00
7.335002e+00 1.050123e+01
8.043735e+00 9.900434e+00
8.864760e+00 1.003247e+01
7.656425e+00 8.431068e+00
-1.548349e+01 8.095037e+00
8.057694e+00 9.558568e+00
-1.156637e+00 1.497839e+01
7.621126e+00 1.102738e+01
-1.476233e+01 8.270094e+00
8.444202e+00 9.867717e+00
8.570192e+00 1.076557e+01
8.607363e+00 9.857518e+00
8.706360e+00 9.828812e+00
8.052666e+00 1.054098e+01
-2.305693e+00 1.502015e+01
7.650849e+00 1.084218e+01
8.562112e+00 1.086058e+01
7.415964e+00 9.691444e+00
7.515506e+00 9.903903e+00
6.693449e+00 1.004218e+01
7.141394e+00 1.037379e+01
1.108580e-01 1.496566e+01
7.312428e+00 1.093255e+01
7.811839e+00 1.035421e+01
-6.840368e-01 1.485066e+01
7.802250e+00 1.071566e+01
7.399529e+00 9.059900e+00
8.121401e+00 1.103251e+01
6.655118e+00 1.085655e+01
8.252625e+00 1.098322e+01
-1.424495e+01 8.927092e+00
7.095749e+00 1.009783e+01
8.217701e+00 1.016638e+01
8.571621e+00 9.660654e+00
9.148718e+00 9.765715e+00
7.455976e+00 9.452856e+00
7.798840e+00 1.010371e+01
-1.357574e+01 8.440823e+00
6.874732e+00 9.342095e+00
8.223518e+00 1.003382e+01
8.301536e+00 1.066565e+01
7.257442e+00 1.028172e+01
9.042989e+00 9.281045e+00
8.771222e+00 9.647836e+00
8.992661e+00 1.067192e+01
8.797990e+00 1.024762e+01
8.091837e+00 1.113814e+01
8.680505e+00 9.374401e+00
7.781599e+00 9.537417e+00
9.288396e+00 8.865271e+00
9.388917e+00 1.016274e+01
-1.599527e+01 6.709101e+00
8.628451e+00 9.743470e+00
6.678955e+00 1.050199e+01
7.982443e+00 1.086281e+01
6.704663e+00 9.357520e+00
7.085015e+00 9.945770e+00
8.333161e+00 1.104524e+01
7.182841e+00 9.093509e+00
8.945700e-01 1.513378e+01
7.987609e+00 1.074023e+01
1.104718e+00 1.514056e+01
8.209044e+00 1.032263e+01
7.215564e+00 9.782132e+00
6.611100e+00 9.769971e+00
7.230605e+00 9.392970e+00
8.232337e+00 9.762121e+00
7.992887e+00 8.848925e+00
8.517308e+00 9.954095e+00
7.456905e+00 9.872937e+00
8.589975e+00 1.010628e+01
8.822241e+00 9.629963e+00
8.731996e+00 1.068799e+01
-1.685836e+01 5.220898e+00
8.197784e+00 9.918068e+00
8.696285e+00 1.109002e+01
9.276205e+00 1.079873e+01
-1.436246e+01 8.799316e+00
1.421174e-02 1.519434e+01
7.984617e+00 1.000533e+01
-1.532889e+01 7.609823e+00
-1.362982e+01 9.027460e+00
6.670415e+00 1.096889e+01
-1.362542e+01 8.619247e+00
9.604242e+00 9.517368e+00
8.699059e+00 9.383466e+00
9.121182e+00 1.097236e+01
7.950799e+00 1.044541e+01
8.332222e+00 9.895170e+00
7.743592e+00 9.924587e+00
7.437845e+00 8.921991e+00
7.262084e+00 9.107960e+00
6.561627e+00 9.449166e+00
-1.781765e+01 5.242020e+00
-5.580092e-01 1.506932e+01
7.691342e+00 1.046278e+01
7.580918e+00 1.029291e+01
8.267231e+00 1.125135e+01
-1.315727e+01 9.835367e+00
8.806975e+00 1.076892e+01
6.131374e+00 1.031609e+01
-1.623685e+01 7.719715e+00
8.808573e+00 9.787678e+00
7.340156e+00 9.227035e+00
8.420172e+00 1.001112e+01
6.984220e+00 8.918482e+00
-1.631331e+01 7.194961e+00
8.986995e+00 1.057083e+01
6.969266e+00 9.275559e+00
6.467774e+00 1.067163e+01
8.175388e+00 9.244772e+00
7.903971e+00 9.866242e+00
8.232754e+00 1.012348e+01
7.879281e+00 9.819099e+00
8.651946e+00 9.427785e+00
7.788310e+00 9.187159e+00
8.551855e+00 1.151022e+01
1.416303e+00 1.495317e+01
-1.737310e+01 5.234892e+00
6.559163e-01 1.502829e+01
8.397740e+00 9.459868e+00
1.384089e+00 1.498779e+01
7.857892e+00 1.037807e+01
-2.151867e+00 1.494521e+01
7.576984e+00 9.508034e+00
2.674448e+00 1.493035e+01
8.679120e+00 1.210025e+01
-1.501961e+01 8.089713e+00
8.821890e+00 9.782580e+00
7.193785e+00 1.002625e+01
8.358368e+00 9.971266e+00
6.892269e+00 9.893935e+00
8.164461e+00 1.026649e+01
8.048809e+00 8.764047e+00
8.159447e+00 1.077597e+01
7.426152e+00 9.152366e+00
7.071107e+00 1.016829e+01
7.219904e+00 9.695594e+00
7.599586e+00 1.042302e+01
7.094068e+00 9.830198e+00
8.590493e+00 9.660423e+00
-1.180388e+00 1.495912e+01
7.410639e+00 8.095942e+00
7.684387e+00 9.998306e+00
8.194668e+00 8.616836e+00
1.232021e+00 1.509053e+01
7.967581e+00 9.681212e+00
7.551941e+00 1.142524e+01
9.337033e+00 1.000155e+01
7.959714e+00 8.525810e+00
7.507293e+00 1.034177e+01
8.480647e+00 1.011225e+01
6.895550e+00 9.569719e+00
7.642095e+00 9.844965e+00
7.863087e+00 8.811689e+00
8.124061e+00 1.030718e+01
-1.532808e+01 7.510461e+00
8.213375e+00 8.979689e+00
-1.552427e+01 7.900778e+00
8.085709e+00 1.000157e+01
7.856087e+00 1.035933e+01
7.760238e+00 1.141173e+01
8.358444e+00 9.428235e+00
6.635376e+00 1.023043e+01
6.934769e+00 9.620239e+00
6.766591e+00 9.265497e+00
6.412793e+00 9.669664e+00
6.926559e+00 1.011234e+01
7.900634e+00 1.109458e+01
6.646535e+00 9.961498e+00
7.565408e+00 9.332328e+00
7.309073e+00 1.021242e+01
7.670153e+00 1.041052e+01
7.415209e+00 9.410636e+00
8.161929e+00 9.761988e+00
7.776824e+00 1.007972e+01
8.953661e+00 8.551766e+00
9.384379e+00 1.066916e+01
7.822744e+00 9.880435e+00
8.240354e+00 1.080646e+01
-2.169605e+00 1.495008e+01
6.879746e+00 7.903050e+00
-1.175019e+01 1.175587e+01
8.148410e+00 9.590358e+00
8.483052e+00 8.930595e+00
-1.412584e+01 9.598085e+00
1.439344e+00 1.514946e+01
7.681754e+00 1.036125e+01
7.141190e+00 8.720659e+00
7.840795e+00 1.016535e+01
8.403914e+00 9.821728e+00
8.379260e+00 1.003968e+01
8.237956e+00 8.971971e+00
8.301838e+00 1.066176e+01
-1.433387e+01 9.235753e+00
7.780072e+00 1.097186e+01
7.361374e+00 8.606386e+00
9.171995e+00 1.027686e+01
8.901440e+00 1.089789e+01
8.170348e+00 1.115023e+01
7.177969e+00 8.952562e+00
8.005995e+00 1.126616e+01
8.057582e+00 9.920385e+00
8.014185e+00 1.009400e+01
8.704946e+00 9.876978e+00
7.713973e+00 9.275601e+00
-4.358396e-05 1.509392e+01
7.070071e+00 9.772034e+00
8.093567e+00 1.078326e+01
8.670812e+00 9.726801e+00
7.078940e+00 1.010559e+01
7.763997e+00 1.024538e+01
7.671273e+00 1.043882e+01
8.023521e+00 1.053431e+01
7.716642e+00 1.043950e+01
7.389103e+00 9.253177e+00
6.787356e+00 1.028187e+01
7.943696e+00 9.254329e+00
-1.523183e+01 7.236896e+00
8.708121e+00 1.073104e+01
1.169514e+00 1.499889e+01
7.851334e+00 8.984614e+00
7.844044e+00 9.276770e+00
7.965821e+00 8.902898e+00
6.969418e+00 9.674525e+00
7.465898e+00 9.429683e+00
3.346284e-01 1.486490e+01
7.601420e+00 9.553999e+00
8.384474e+00 1.103195e+01
8.321677e+00 8.911119e+00
8.645063e+00 1.031573e+01
8.099959e+00 1.074513e+01
8.819374e+00 1.051758e+01
7.890611e+00 9.121152e+00
7.722057e+00 1.052743e+01
8.476776e+00 9.430357e+00
7.344401e+00 9.313430e+00
9.181761e+00 1.038548e+01
7.678644e+00 1.016172e+01
7.759193e+00 9.035347e+00
8.872314e+00 1.034710e+01
7.914443e+00 1.000756e+01
-1.558064e+01 7.736639e+00
7.483764e+00 1.031306e+01
8.259764e+00 1.046152e+01
8.567565e+00 9.536448e+00
7.931701e+00 9.910029e+00
-1.413624e+01 8.143026e+00
8.162365e+00 1.081312e+01
-1.670274e+01 6.601883e+00
-1.500276e+01 7.562626e+00
7.477580e+00 8.290738e+00
-1.410664e+00 1.488904e+01
-1.166410e+00 1.501247e+01
9.495988e+00 1.136238e+01
6.362228e+00 9.466869e+00
7.586304e+00 1.064757e+01
7.947978e+00 9.162496e+00
7.017988e+00 1.069061e+01
7.886501e+00 1.028967e+01
8.407540e+00 1.089723e+01
8.982759e+00 1.018428e+01
-2.769772e+00 1.492366e+01
8.141519e+00 9.649196e+00
8.474404e+00 8.582515e+00
9.719335e+00 9.703234e+00
8.196348e+00 9.301475e+00
-1.256519e+01 9.891156e+00
8.179388e+00 1.118966e+01
7.319785e+00 8.825031e+00
